6
8
11
17
22
24
36
37
37
40
40
44
45
48
51
52
52
53
55
56
68
72
76
79
83
84
84
89
107
112
114
118
121
124
124
130
133
133
141
145
147
148
149
164
175
178
179
180
189
191
195
196
197
198
199
199
199
200
204
204
207
211
213
215
221
223
224
229
229
233
237
237
238
238
245
247
250
255
258
258
263
263
269
273
275
276
281
282
282
284
287
292
295
296
297
299
299
302
305
308
309
311
312
316
317
321
321
326
332
336
336
336
337
338
338
340
342
344
344
345
345
346
361
361
364
366
367
373
375
377
379
383
388
388
389
389
401
404
404
412
415
421
423
425
425
426
433
433
434
444
447
448
449
450
459
465
467
482
483
484
486
488
493
495
499
502
507
510
514
516
524
525
530
538
540
542
547
551
555
556
557
560
566
567
569
574
575
577
578
579
587
588
591
591
593
594
603
607
626
627
628
633
638
644
645
657
671
673
673
677
677
679
679
688
688
689
696
701
703
704
705
709
711
713
714
722
726
727
731
741
752
753
754
756
766
772
773
774
776
778
782
788
790
790
791
795
804
806
816
821
828
829
838
839
840
840
843
845
864
864
866
872
873
873
876
883
884
888
891
892
914
920
923
925
926
934
935
939
947
951
972
977
980
984
989
996
999
1000
1001
1004
1007
1008
1011
1011
1012
1021
1022
1027
1028
1030
1033
1035
1042
1042
1055
1059
1061
1066
1068
1072
1073
1078
1095
1111
1114
1116
1120
1120
1122
1129
1129
1129
1130
1131
1131
1131
1133
1135
1140
1140
1142
1143
1144
1146
1147
1152
1153
1156
1156
1159
1159
1163
1164
1165
1168
1172
1173
1173
1181
1184
1184
1184
1190
1195
1205
1207
1207
1209
1211
1215
1217
1223
1225
1226
1229
1230
1234
1236
1238
1241
1242
1252
1259
1262
1262
1266
1268
1283
1284
1286
1287
1287
1288
1290
1291
1292
1295
1302
1303
1304
1311
1323
1326
1327
1328
1332
1337
1338
1351
1351
1352
1364
1370
1371
1373
1376
1378
1379
1381
1383
1387
1391
1391
1393
1399
1400
1405
1407
1410
1410
1412
1414
1418
1419
1433
1435
1438
1441
1447
1448
1457
1460
1461
1464
1466
1473
1474
1486
1491
1496
1509
1511
1517
1525
1530
1530
1536
1536
1539
1539
1541
1544
1553
1554
1558
1572
1572
1573
1574
1575
1578
1581
1584
1587
1593
1595
1598
1599
1600
1605
1609
1613
1615
1619
1619
1622
1623
1624
1629
1632
1636
1637
1643
1643
1643
1644
1654
1656
1658
1658
1659
1663
1665
1671
1674
1676
1681
1681
1681
1692
1693
1694
1701
1704
1705
1708
1709
1711
1714
1717
1719
1721
1728
1742
1746
1747
1755
1764
1765
1766
1769
1769
1777
1780
1781
1786
1787
1787
1787
1788
1790
1793
1794
1798
1798
1799
1800
1803
1806
1808
1810
1811
1813
1813
1819
1821
1823
1831
1832
1836
1837
1846
1859
1859
1861
1862
1870
1870
1873
1885
1886
1888
1897
1900
1910
1913
1915
1919
1920
1927
1928
1929
1931
1935
1936
1942
1945
1951
1953
1954
1954
1960
1967
1967
1972
1980
1982
1990
1994
1995
1998
1999
2002
2007
2007
2008
2013
2013
2016
2019
2020
2030
2030
2031
2033
2034
2041
2051
2052
2052
2055
2055
2055
2060
2066
2072
2072
2074
2075
2077
2078
2080
2080
2091
2092
2092
2096
2099
2099
2102
2102
2107
2110
2118
2119
2119
2124
2126
2128
2129
2129
2131
2136
2139
2140
2142
2146
2146
2147
2149
2149
2150
2151
2156
2165
2173
2183
2184
2185
2188
2193
2200
2201
2205
2208
2215
2226
2227
2231
2235
2236
2237
2240
2240
2240
2242
2245
2245
2247
2249
2250
2255
2259
2262
2263
2263
2265
2265
2268
2269
2276
2279
2280
2281
2282
2285
2290
2294
2306
2310
2319
2320
2320
2325
2328
2333
2337
2338
2346
2350
2351
2352
2354
2358
2359
2360
2361
2369
2371
2371
2387
2387
2387
2388
2397
2402
2403
2409
2410
2414
2415
2415
2418
2423
2425
2430
2430
2432
2436
2447
2453
2455
2464
2465
2472
2473
2480
2485
2485
2487
2490
2494
2496
2499
2500
2501
2501
2503
2505
2512
2515
2516
2517
2518
2521
2529
2545
2546
2549
2552
2559
2561
2566
2568
2569
2570
2576
2579
2583
2584
2585
2595
2602
2603
2611
2611
2620
2620
2621
2624
2624
2626
2636
2638
2640
2640
2642
2645
2645
2650
2651
2652
2652
2656
2657
2658
2658
2662
2663
2663
2664
2667
2668
2673
2677
2678
2679
2680
2681
2685
2686
2689
2689
2692
2693
2695
2698
2701
2703
2715
2716
2722
2728
2730
2731
2732
2733
2735
2736
2743
2756
2758
2771
2775
2776
2785
2785
2786
2791
2791
2792
2793
2795
2804
2814
2817
2819
2820
2820
2824
2829
2829
2830
2830
2832
2835
2840
2845
2856
2858
2860
2863
2864
2869
2869
2870
2883
2883
2884
2884
2890
2896
2900
2909
2918
2921
2923
2925
2928
2937
2937
2940
2940
2943
2944
2944
2946
2955
2963
2970
2973
2976
2977
2984
2985
2993
2993
2995
2995
3001
3003
3005
3014
3020
3020
3023
3024
3027
3034
3034
3039
3042
3044
3051
3053
3053
3056
3056
3060
3063
3064
3064
3069
3070
3081
3084
3087
3093
3096
3096
3098
3104
3109
3112
3115
3116
3121
3124
3125
3126
3127
3128
3129
3138
3138
3145
3149
3155
3156
3157
3157
3159
3159
3161
3164
3172
3173
3173
3174
3180
3181
3184
3185
3185
3187
3195
3195
3196
3198
3199
3203
3203
3204
3209
3215
3217
3227
3233
3234
3235
3248
3251
3254
3255
3257
3258
3266
3270
3271
3272
3274
3278
3281
3282
3283
3285
3289
3294
3299
3302
3303
3307
3308
3309
3313
3318
3326
3334
3337
3340
3342
3343
3348
3355
3364
3365
3369
3371
3371
3371
3372
3372
3373
3375
3376
3381
3386
3390
3394
3397
3399
3404
3409
3411
3414
3419
3428
3429
3431
3431
3437
3444
3448
3455
3457
3459
3470
3477
3478
3481
3488
3490
3502
3505
3507
3509
3510
3512
3515
3516
3519
3519
3520
3525
3526
3535
3536
3539
3542
3543
3543
3545
3549
3551
3553
3555
3559
3567
3569
3572
3574
3581
3582
3584
3590
3606
3611
3612
3612
3615
3622
3622
3626
3632
3635
3636
3637
3645
3656
3657
3659
3662
3663
3665
3667
3667
3671
3673
3673
3674
3675
3679
3682
3682
3683
3686
3698
3702
3703
3706
3708
3713
3714
3720
3722
3722
3735
3740
3744
3747
3747
3750
3752
3756
3757
3759
3759
3763
3763
3763
3763
3765
3767
3768
3769
3772
3774
3774
3783
3785
3787
3790
3793
3794
3794
3796
3800
3803
3806
3809
3814
3823
3823
3828
3828
3828
3832
3833
3835
3841
3843
3846
3848
3854
3858
3862
3865
3865
3869
3873
3873
3877
3881
3887
3890
3892
3892
3892
3898
3905
3920
3930
3931
3935
3937
3937
3938
3939
3943
3943
3943
3945
3948
3949
3955
3961
3962
3963
3964
3968
3973
3976
3977
3977
3987
3987
3990
3992
3997
3999
4003
4007
4009
4016
4017
4018
4019
4019
4028
4029
4030
4032
4033
4036
4041
4043
4043
4045
4047
4049
4049
4054
4055
4056
4057
4059
4063
4066
4075
4079
4079
4081
4085
4088
4088
4089
4092
4094
4095
4096
4098
4099
4101
4107
4110
4112
4113
4113
4116
4121
4126
4128
4140
4144
4150
4152
4154
4164
4165
4166
4167
4169
4170
4171
4174
4186
4186
4187
4187
4188
4188
4193
4194
4197
4198
4204
4204
4207
4213
4213
4217
4221
4245
4250
4252
4253
4254
4258
4258
4259
4260
4261
4262
4266
4269
4271
4280
4286
4288
4294
4294
4297
4299
4306
4307
4316
4322
4323
4325
4327
4333
4350
4351
4356
4360
4364
4370
4374
4379
4385
4393
4394
4396
4401
4406
4407
4409
4409
4414
4415
4419
4422
4426
4434
4436
4436
4436
4437
4440
4441
4446
4447
4453
4455
4457
4458
4461
4463
4466
4471
4478
4484
4487
4491
4493
4501
4503
4504
4514
4515
4516
4519
4520
4524
4527
4534
4539
4543
4544
4547
4549
4549
4553
4555
4557
4568
4569
4573
4575
4576
4577
4578
4579
4579
4579
4580
4592
4592
4593
4603
4605
4605
4613
4615
4617
4619
4620
4623
4623
4629
4630
4631
4633
4636
4638
4638
4651
4652
4659
4659
4659
4660
4660
4662
4664
4667
4668
4673
4673
4678
4679
4680
4682
4688
4704
4707
4712
4722
4732
4739
4751
4756
4759
4771
4775
4779
4783
4789
4789
4792
4793
4800
4800
4803
4808
4810
4811
4816
4817
4828
4833
4843
4845
4850
4851
4854
4859
4866
4869
4883
4883
4892
4898
4903
4905
4915
4918
4921
4924
4939
4947
4949
4951
4953
4953
4954
4955
4961
4963
4966
4968
4968
4970
4971
4974
4977
4980
4989
4999
4999
5007
5007
5008
5012
5027
5028
5028
5031
5031
5037
5040
5042
5045
5046
5049
5052
5052
5052
5058
5060
5061
5061
5066
5071
5073
5074
5079
5084
5089
5089
5094
5097
5098
5100
5110
5113
5117
5121
5122
5131
5136
5139
5139
5142
5146
5150
5151
5151
5158
5160
5165
5168
5168
5171
5172
5174
5188
5188
5191
5192
5204
5206
5207
5211
5212
5213
5216
5222
5224
5228
5232
5235
5236
5237
5242
5252
5255
5256
5259
5262
5281
5282
5285
5288
5289
5293
5294
5296
5306
5309
5314
5315
5319
5321
5322
5327
5327
5327
5329
5332
5334
5337
5340
5342
5354
5360
5361
5362
5368
5371
5373
5382
5383
5383
5384
5403
5407
5409
5421
5425
5429
5434
5436
5439
5440
5441
5442
5446
5452
5456
5461
5464
5469
5485
5486
5487
5502
5504
5505
5506
5509
5511
5514
5516
5518
5520
5523
5525
5525
5534
5540
5541
5541
5552
5557
5565
5569
5579
5581
5582
5589
5593
5594
5596
5596
5597
5600
5603
5603
5606
5618
5623
5625
5629
5631
5633
5633
5635
5636
5639
5640
5643
5645
5648
5649
5653
5653
5660
5665
5666
5666
5666
5670
5671
5677
5679
5681
5682
5683
5684
5685
5687
5692
5694
5703
5707
5708
5711
5713
5718
5718
5720
5723
5723
5725
5726
5729
5729
5730
5737
5738
5738
5738
5739
5740
5741
5752
5753
5756
5758
5769
5771
5774
5774
5778
5779
5779
5779
5782
5788
5792
5792
5795
5797
5799
5806
5812
5821
5823
5832
5836
5838
5839
5840
5846
5849
5849
5853
5855
5855
5856
5859
5860
5869
5871
5871
5874
5876
5876
5878
5878
5878
5881
5886
5894
5903
5907
5910
5911
5916
5916
5917
5918
5924
5928
5929
5931
5931
5943
5944
5950
5951
5954
5966
5968
5970
5970
5974
5977
5978
5981
5981
5981
5983
5988
5988
5989
5990
5992
5995
5998
6003
6006
6011
6013
6014
6022
6022
6023
6026
6028
6036
6038
6048
6052
6053
6054
6054
6060
6063
6080
6084
6089
6089
6094
6096
6097
6097
6104
6109
6111
6112
6114
6116
6117
6119
6120
6122
6123
6124
6124
6126
6146
6149
6149
6160
6161
6173
6175
6179
6180
6182
6195
6200
6200
6201
6204
6207
6212
6214
6215
6215
6219
6219
6221
6221
6225
6227
6229
6237
6239
6240
6240
6243
6247
6254
6256
6258
6265
6268
6271
6277
6282
6289
6290
6292
6294
6295
6296
6304
6307
6309
6324
6327
6342
6344
6346
6348
6352
6352
6356
6357
6360
6362
6363
6374
6375
6377
6377
6377
6381
6392
6392
6397
6399
6402
6407
6407
6408
6408
6409
6410
6412
6413
6419
6422
6425
6426
6428
6432
6435
6438
6443
6444
6448
6452
6460
6462
6465
6470
6470
6472
6475
6475
6475
6475
6478
6481
6489
6490
6494
6497
6499
6499
6499
6499
6504
6505
6507
6508
6510
6511
6512
6513
6513
6514
6515
6521
6526
6532
6535
6539
6541
6550
6550
6553
6555
6558
6561
6565
6568
6570
6579
6579
6592
6593
6593
6597
6597
6599
6602
6607
6609
6610
6611
6613
6625
6626
6632
6634
6636
6639
6640
6641
6642
6646
6646
6648
6652
6657
6659
6662
6663
6670
6672
6674
6677
6681
6684
6685
6685
6690
6697
6708
6712
6713
6714
6719
6720
6722
6725
6731
6733
6734
6734
6735
6736
6737
6737
6738
6747
6752
6757
6758
6760
6762
6764
6765
6767
6767
6771
6773
6777
6778
6780
6781
6791
6799
6799
6811
6813
6814
6817
6821
6830
6838
6840
6841
6846
6848
6848
6851
6858
6858
6861
6863
6863
6868
6885
6886
6892
6893
6894
6895
6898
6900
6902
6904
6909
6911
6924
6924
6926
6926
6931
6931
6932
6936
6941
6952
6953
6955
6956
6959
6960
6970
6980
6981
6983
6984
6987
6998
6999
7000
7002
7004
7005
7014
7019
7024
7025
7026
7028
7039
7040
7042
7045
7047
7047
7050
7050
7056
7059
7061
7063
7067
7067
7069
7077
7077
7078
7079
7080
7085
7087
7088
7091
7093
7093
7094
7094
7095
7095
7095
7101
7112
7115
7116
7116
7120
7127
7129
7130
7132
7136
7137
7138
7142
7142
7149
7150
7151
7157
7161
7164
7168
7168
7175
7177
7178
7182
7183
7185
7192
7196
7196
7198
7209
7212
7212
7212
7217
7220
7224
7225
7240
7244
7246
7249
7257
7258
7259
7262
7264
7265
7265
7277
7280
7281
7283
7284
7289
7289
7297
7300
7302
7303
7303
7306
7307
7310
7316
7319
7326
7331
7331
7332
7338
7338
7341
7344
7346
7348
7349
7359
7360
7365
7375
7378
7383
7387
7388
7388
7392
7393
7394
7397
7397
7397
7399
7401
7403
7403
7405
7405
7408
7413
7414
7414
7415
7420
7427
7428
7431
7432
7434
7436
7440
7443
7444
7445
7446
7446
7447
7450
7453
7457
7459
7466
7471
7476
7484
7489
7499
7506
7508
7512
7513
7514
7518
7522
7528
7528
7533
7533
7539
7545
7551
7556
7556
7561
7569
7572
7579
7582
7582
7602
7605
7607
7609
7611
7614
7615
7629
7630
7634
7634
7639
7639
7640
7658
7662
7665
7668
7668
7680
7681
7681
7683
7689
7693
7696
7697
7698
7701
7702
7704
7706
7710
7715
7716
7716
7723
7724
7728
7729
7729
7731
7734
7738
7739
7748
7752
7756
7756
7762
7764
7773
7779
7786
7789
7789
7792
7794
7796
7798
7801
7804
7812
7813
7820
7821
7822
7823
7830
7834
7844
7845
7845
7848
7848
7852
7856
7856
7859
7861
7861
7861
7863
7864
7864
7865
7874
7877
7881
7882
7884
7887
7892
7898
7901
7903
7909
7921
7923
7928
7932
7933
7936
7939
7939
7941
7943
7943
7947
7947
7951
7952
7956
7959
7960
7960
7961
7962
7963
7966
7971
7973
7978
7984
7986
7996
7997
7997
7998
8005
8005
8006
8006
8008
8011
8012
8012
8019
8022
8023
8029
8031
8032
8040
8046
8051
8055
8060
8060
8062
8066
8074
8075
8077
8078
8083
8083
8091
8096
8099
8101
8111
8113
8116
8136
8137
8140
8140
8141
8142
8143
8143
8146
8146
8153
8163
8168
8169
8170
8173
8173
8175
8175
8179
8183
8183
8185
8187
8197
8201
8204
8206
8207
8210
8218
8223
8226
8228
8228
8233
8237
8239
8244
8245
8246
8246
8247
8252
8257
8265
8267
8267
8268
8269
8272
8275
8279
8280
8283
8283
8284
8286
8286
8286
8292
8299
8302
8308
8309
8310
8311
8316
8322
8325
8331
8339
8341
8344
8349
8352
8354
8356
8359
8359
8361
8362
8363
8366
8368
8370
8371
8372
8379
8384
8385
8385
8387
8387
8388
8390
8392
8392
8392
8393
8395
8408
8409
8416
8420
8424
8426
8426
8428
8430
8431
8437
8440
8441
8443
8446
8447
8456
8457
8459
8459
8466
8468
8471
8473
8473
8476
8477
8491
8493
8496
8497
8497
8502
8505
8506
8507
8513
8514
8519
8521
8524
8542
8543
8545
8548
8558
8561
8565
8565
8568
8569
8575
8584
8596
8597
8603
8617
8626
8632
8640
8640
8642
8642
8642
8650
8652
8655
8658
8659
8660
8661
8673
8677
8677
8677
8678
8686
8687
8689
8694
8701
8703
8710
8710
8711
8712
8713
8720
8722
8724
8724
8725
8728
8732
8732
8735
8736
8739
8740
8741
8743
8753
8755
8756
8756
8766
8768
8772
8775
8788
8796
8796
8800
8800
8810
8812
8819
8827
8833
8835
8841
8847
8847
8852
8853
8853
8857
8858
8860
8861
8864
8864
8864
8866
8871
8872
8872
8874
8888
8892
8900
8900
8901
8907
8908
8911
8913
8916
8922
8924
8925
8935
8935
8943
8946
8949
8959
8959
8969
8972
8972
8976
8977
8978
8980
8983
8992
9000
9003
9009
9012
9014
9015
9015
9015
9015
9019
9024
9026
9030
9032
9035
9039
9046
9051
9052
9052
9063
9063
9066
9068
9068
9070
9073
9083
9094
9095
9107
9107
9108
9109
9109
9109
9110
9116
9122
9126
9132
9134
9134
9139
9144
9145
9147
9151
9156
9158
9161
9166
9177
9178
9179
9182
9182
9183
9183
9184
9194
9195
9203
9203
9218
9218
9224
9225
9227
9229
9230
9233
9235
9239
9245
9245
9249
9263
9264
9264
9266
9268
9273
9273
9274
9276
9287
9291
9291
9292
9293
9293
9297
9298
9300
9306
9313
9314
9330
9338
9339
9345
9347
9348
9354
9354
9357
9357
9360
9365
9367
9370
9373
9375
9376
9378
9379
9381
9389
9390
9390
9395
9397
9398
9399
9400
9407
9409
9409
9410
9419
9420
9422
9433
9437
9437
9438
9439
9443
9445
9445
9446
9448
9454
9462
9466
9468
9469
9476
9484
9486
9491
9495
9496
9501
9501
9501
9503
9510
9521
9522
9522
9525
9529
9533
9538
9546
9553
9553
9558
9564
9567
9567
9568
9573
9578
9578
9584
9588
9595
9596
9602
9602
9611
9612
9614
9615
9616
9618
9621
9629
9634
9635
9639
9640
9644
9648
9649
9650
9653
9655
9655
9659
9661
9662
9663
9677
9679
9680
9688
9693
9694
9696
9699
9700
9700
9702
9705
9710
9710
9710
9715
9717
9718
9719
9720
9724
9727
9729
9730
9735
9738
9748
9755
9756
9759
9762
9764
9770
9771
9773
9775
9778
9783
9783
9797
9802
9807
9808
9809
9809
9809
9811
9812
9819
9819
9834
9837
9839
9842
9853
9853
9855
9855
9855
9863
9865
9866
9875
9875
9875
9879
9885
9896
9896
9897
9899
9902
9903
9905
9912
9914
9918
9924
9924
9925
9926
9932
9936
9941
9950
9950
9955
9956
9957
9960
9961
9966
9967
9969
9970
9971
9976
9977
9986
9986
9986
9993
9994
9995
9998
9998
10000
10008
10012
10015
10015
10016
10017
10029
10033
10034
10035
10036
10036
10038
10038
10048
10053
10055
10056
10076
10096
10097
10100
10107
10108
10109
10111
10118
10130
10130
10132
10137
10147
10148
10150
10151
10152
10162
10162
10163
10164
10167
10173
10174
10182
10184
10184
10186
10187
10200
10207
10211
10211
10213
10215
10215
10227
10228
10231
10232
10236
10238
10240
10248
10252
10253
10257
10261
10262
10267
10267
10268
10269
10270
10273
10274
10275
10279
10285
10285
10290
10299
10300
10301
10307
10307
10313
10316
10318
10319
10320
10322
10323
10326
10327
10329
10329
10331
10335
10338
10339
10341
10342
10343
10360
10360
10362
10362
10374
10380
10380
10384
10386
10386
10389
10394
10398
10399
10400
10403
10404
10405
10410
10412
10424
10425
10427
10428
10431
10432
10433
10433
10434
10434
10439
10441
10449
10452
10459
10462
10463
10465
10468
10471
10478
10478
10480
10481
10484
10487
10489
10495
10496
10497
10498
10511
10522
10522
10524
10527
10535
10540
10543
10545
10547
10553
10554
10555
10555
10555
10561
10561
10564
10565
10572
10578
10579
10580
10582
10588
10591
10602
10603
10608
10610
10614
10616
10618
10618
10623
10626
10636
10638
10638
10645
10647
10647
10649
10661
10664
10664
10665
10674
10674
10674
10675
10675
10676
10687
10687
10692
10699
10702
10710
10710
10714
10730
10731
10734
10735
10737
10741
10744
10745
10748
10753
10761
10765
10767
10768
10772
10784
10787
10792
10800
10801
10802
10810
10812
10817
10826
10828
10831
10837
10848
10852
10855
10860
10862
10877
10878
10878
10881
10885
10885
10890
10891
10898
10901
10903
10911
10918
10918
10922
10924
10930
10932
10933
10933
10933
10940
10942
10946
10948
10951
10952
10956
10961
10962
10963
10966
10970
10981
10983
10983
10990
10997
10999
11012
11012
11015
11017
11018
11020
11027
11028
11032
11037
11039
11040
11042
11053
11054
11060
11067
11069
11071
11073
11074
11077
11078
11081
11087
11089
11091
11094
11099
11100
11106
11108
11108
11108
11118
11122
11123
11123
11124
11129
11130
11132
11139
11139
11143
11150
11153
11158
11163
11164
11165
11170
11173
11174
11175
11176
11177
11178
11186
11187
11190
11190
11190
11191
11196
11199
11205
11206
11206
11213
11216
11216
11216
11225
11226
11228
11232
11245
11248
11250
11258
11258
11260
11262
11265
11268
11274
11276
11278
11281
11287
11290
11294
11296
11302
11307
11311
11316
11317
11319
11320
11325
11331
11333
11340
11341
11344
11348
11349
11354
11357
11358
11358
11363
11369
11373
11375
11378
11378
11387
11390
11397
11402
11403
11405
11408
11410
11413
11416
11416
11417
11425
11429
11434
11436
11440
11445
11447
11463
11463
11465
11465
11470
11474
11478
11479
11480
11483
11485
11489
11497
11497
11498
11500
11508
11509
11511
11520
11521
11524
11537
11537
11541
11541
11544
11548
11551
11553
11556
11560
11563
11565
11567
11569
11572
11583
11583
11587
11590
11590
11597
11601
11604
11605
11615
11617
11621
11622
11626
11632
11640
11656
11670
11673
11681
11683
11684
11685
11689
11691
11697
11705
11706
11707
11712
11713
11717
11718
11720
11729
11731
11743
11746
11746
11750
11754
11754
11755
11755
11756
11761
11761
11764
11765
11765
11768
11773
11777
11779
11789
11789
11791
11794
11795
11807
11820
11825
11832
11836
11838
11838
11842
11844
11844
11845
11848
11858
11863
11864
11866
11867
11870
11874
11876
11878
11880
11886
11887
11895
11898
11907
11909
11915
11919
11922
11927
11930
11931
11935
11935
11936
11938
11945
11949
11955
11961
11961
11964
11967
11970
11978
11980
11986
11989
11990
11993
12004
12009
12011
12015
12016
12017
12018
12022
12023
12024
12028
12035
12036
12043
12044
12046
12046
12056
12057
12061
12083
12089
12091
12093
12095
12096
12103
12105
12107
12108
12112
12116
12116
12117
12120
12132
12136
12136
12138
12140
12142
12147
12148
12151
12153
12159
12160
12163
12165
12166
12167
12167
12172
12175
12177
12178
12183
12189
12191
12195
12202
12202
12204
12205
12211
12213
12216
12217
12219
12222
12224
12225
12227
12232
12235
12236
12240
12241
12247
12248
12251
12255
12256
12257
12263
12265
12266
12267
12267
12267
12274
12282
12287
12287
12296
12304
12316
12317
12317
12327
12328
12328
12334
12335
12337
12341
12342
12346
12354
12358
12358
12373
12374
12377
12378
12380
12382
12383
12385
12386
12387
12394
12396
12398
12398
12399
12405
12410
12411
12419
12420
12424
12425
12426
12428
12431
12432
12439
12439
12441
12447
12448
12451
12452
12456
12457
12458
12474
12474
12475
12476
12480
12480
12484
12492
12495
12500
12503
12508
12509
12513
12514
12514
12517
12519
12521
12521
12521
12523
12523
12525
12526
12527
12539
12540
12544
12545
12560
12560
12562
12566
12569
12572
12576
12576
12584
12587
12588
12588
12591
12592
12596
12596
12599
12600
12617
12625
12627
12628
12628
12630
12635
12637
12637
12640
12640
12641
12642
12653
12654
12654
12658
12658
12659
12661
12663
12664
12666
12666
12669
12671
12675
12683
12685
12689
12693
12694
12695
12699
12705
12705
12713
12713
12716
12718
12720
12720
12721
12733
12734
12742
12744
12747
12756
12757
12762
12766
12776
12777
12778
12779
12781
12786
12786
12793
12797
12805
12811
12813
12815
12820
12826
12831
12831
12832
12832
12833
12833
12835
12840
12841
12843
12843
12845
12849
12853
12853
12857
12857
12859
12862
12866
12872
12874
12875
12878
12883
12884
12886
12890
12893
12893
12893
12895
12895
12898
12898
12899
12909
12911
12912
12917
12918
12918
12919
12919
12923
12923
12925
12930
12932
12933
12939
12941
12941
12942
12943
12947
12950
12951
12952
12953
12956
12957
12957
12964
12964
12967
12967
12972
12974
12977
12981
12993
12995
12996
12996
13015
13016
13018
13022
13023
13031
13033
13034
13038
13038
13040
13041
13044
13047
13049
13049
13050
13051
13056
13056
13058
13059
13062
13068
13072
13076
13086
13092
13092
13094
13097
13103
13103
13106
13110
13113
13115
13116
13121
13122
13124
13125
13127
13132
13141
13145
13146
13150
13150
13152
13154
13157
13160
13161
13164
13169
13169
13172
13172
13172
13177
13178
13182
13188
13189
13192
13197
13198
13204
13207
13209
13211
13228
13231
13235
13240
13240
13244
13250
13254
13258
13258
13262
13269
13274
13281
13288
13291
13298
13305
13307
13307
13309
13316
13316
13323
13324
13345
13348
13351
13360
13364
13364
13372
13373
13384
13390
13392
13397
13398
13400
13401
13402
13405
13408
13415
13417
13417
13418
13419
13421
13422
13422
13426
13428
13429
13438
13439
13440
13443
13444
13450
13459
13462
13464
13469
13470
13475
13478
13478
13486
13487
13489
13490
13493
13503
13503
13504
13504
13511
13511
13518
13527
13532
13533
13546
13557
13557
13562
13568
13570
13573
13580
13582
13582
13586
13591
13591
13595
13597
13601
13601
13610
13611
13612
13616
13624
13625
13627
13632
13634
13643
13643
13643
13648
13651
13656
13658
13667
13667
13672
13675
13678
13680
13686
13687
13690
13693
13694
13695
13696
13696
13697
13700
13703
13704
13710
13711
13712
13715
13718
13726
13729
13730
13734
13738
13742
13743
13757
13758
13762
13763
13764
13765
13772
13773
13778
13784
13787
13787
13793
13793
13799
13801
13802
13805
13805
13805
13805
13806
13811
13813
13817
13820
13821
13823
13823
13825
13830
13833
13841
13849
13855
13857
13861
13864
13865
13866
13869
13871
13877
13880
13887
13888
13893
13896
13901
13903
13909
13910
13912
13918
13921
13922
13923
13926
13928
13928
13930
13930
13932
13933
13938
13948
13951
13958
13962
13963
13981
13983
13983
13984
13989
14004
14007
14008
14014
14016
14017
14021
14024
14024
14031
14032
14033
14036
14041
14046
14047
14055
14067
14067
14068
14068
14070
14072
14072
14078
14079
14080
14089
14092
14098
14100
14104
14104
14105
14124
14125
14125
14131
14131
14132
14136
14141
14144
14145
14147
14152
14156
14162
14163
14163
14163
14171
14171
14171
14171
14172
14174
14179
14180
14188
14190
14190
14191
14191
14193
14194
14197
14203
14203
14203
14203
14206
14207
14209
14216
14219
14220
14222
14223
14234
14249
14257
14260
14266
14267
14269
14271
14272
14277
14280
14280
14284
14287
14290
14295
14295
14299
14299
14303
14305
14306
14308
14309
14310
14313
14313
14315
14317
14319
14320
14322
14323
14324
14324
14326
14328
14332
14332
14337
14337
14338
14340
14340
14344
14348
14349
14350
14352
14355
14358
14358
14362
14369
14373
14373
14374
14375
14381
14385
14388
14390
14393
14394
14395
14395
14402
14403
14405
14405
14406
14406
14407
14409
14413
14415
14426
14429
14434
14437
14440
14443
14450
14460
14463
14465
14465
14467
14468
14479
14479
14496
14498
14499
14500
14501
14502
14508
14511
14512
14516
14516
14518
14518
14526
14529
14547
14549
14552
14557
14559
14563
14563
14569
14578
14582
14584
14592
14601
14605
14616
14617
14617
14618
14631
14633
14639
14641
14656
14662
14662
14663
14666
14676
14678
14679
14685
14694
14698
14704
14707
14708
14708
14711
14714
14715
14717
14719
14719
14724
14725
14732
14733
14735
14736
14737
14741
14745
14748
14749
14754
14754
14754
14756
14756
14762
14766
14771
14774
14775
14789
14793
14795
14813
14821
14824
14824
14830
14831
14837
14837
14850
14852
14854
14856
14859
14859
14867
14870
14871
14874
14884
14888
14892
14900
14901
14904
14904
14908
14908
14911
14913
14923
14924
14929
14929
14931
14932
14933
14935
14942
14942
14948
14948
14948
14951
14951
14955
14956
14959
14959
14964
14966
14977
14981
14982
14985
14986
14986
15001
15002
15003
15004
15006
15014
15017
15019
15024
15024
15029
15041
15044
15044
15049
15053
15056
15057
15059
15063
15067
15072
15086
15092
15095
15106
15109
15109
15111
15116
15118
15121
15121
15125
15127
15128
15133
15138
15140
15145
15145
15145
15148
15157
15163
15164
15168
15171
15171
15176
15177
15178
15182
15184
15188
15193
15194
15194
15195
15200
15206
15208
15209
15209
15226
15230
15231
15240
15244
15247
15253
15253
15258
15260
15264
15270
15274
15289
15290
15291
15292
15296
15302
15304
15306
15308
15314
15314
15315
15319
15322
15323
15328
15335
15335
15336
15340
15340
15346
15348
15354
15354
15358
15358
15364
15366
15367
15372
15373
15377
15379
15383
15385
15394
15397
15397
15400
15407
15407
15419
15422
15425
15428
15432
15433
15433
15439
15443
15450
15453
15455
15456
15457
15459
15460
15466
15468
15477
15478
15480
15483
15485
15489
15490
15491
15492
15497
15499
15502
15502
15503
15508
15510
15519
15527
15529
15536
15538
15538
15538
15544
15546
15546
15547
15547
15554
15559
15563
15577
15577
15577
15581
15582
15582
15585
15590
15591
15592
15596
15599
15609
15611
15614
15615
15628
15628
15629
15633
15636
15651
15651
15660
15660
15664
15667
15668
15668
15670
15672
15673
15674
15675
15677
15681
15686
15689
15689
15689
15693
15694
15696
15699
15703
15709
15712
15716
15716
15716
15718
15731
15732
15744
15744
15746
15748
15748
15762
15762
15764
15766
15775
15776
15776
15779
15782
15786
15789
15790
15791
15794
15796
15796
15803
15803
15806
15813
15816
15823
15827
15830
15831
15833
15839
15839
15843
15844
15845
15854
15858
15859
15862
15869
15873
15878
15878
15880
15881
15884
15897
15910
15921
15925
15927
15929
15929
15938
15949
15950
15953
15955
15967
15975
15987
15987
15995
15997
15997
16004
16008
16009
16010
16019
16020
16020
16023
16032
16036
16037
16037
16041
16041
16047
16048
16048
16060
16061
16065
16065
16066
16071
16072
16072
16082
16084
16086
16090
16092
16097
16099
16099
16100
16100
16100
16101
16102
16104
16104
16105
16105
16112
16117
16120
16124
16126
16134
16136
16140
16143
16143
16144
16147
16147
16150
16151
16151
16152
16153
16157
16160
16160
16163
16173
16174
16177
16181
16182
16184
16186
16186
16186
16187
16188
16190
16191
16192
16196
16200
16202
16202
16202
16204
16204
16205
16206
16208
16210
16213
16219
16224
16231
16234
16242
16248
16252
16253
16254
16254
16255
16256
16258
16265
16266
16273
16274
16276
16276
16279
16279
16280
16281
16283
16285
16285
16287
16290
16294
16297
16302
16311
16319
16323
16324
16333
16337
16337
16338
16339
16339
16342
16343
16344
16344
16347
16351
16353
16353
16378
16384
16387
16390
16391
16393
16397
16397
16401
16407
16410
16414
16414
16415
16415
16416
16416
16417
16420
16423
16424
16428
16429
16434
16444
16445
16446
16447
16448
16456
16457
16459
16463
16468
16468
16471
16471
16473
16476
16476
16478
16480
16486
16489
16490
16490
16493
16498
16498
16501
16502
16502
16503
16505
16506
16508
16511
16519
16523
16524
16546
16548
16549
16553
16553
16555
16557
16562
16562
16565
16567
16568
16569
16573
16578
16579
16582
16586
16590
16592
16593
16593
16600
16603
16603
16606
16609
16611
16624
16625
16626
16629
16633
16635
16636
16636
16641
16642
16648
16648
16650
16650
16652
16654
16656
16657
16662
16666
16668
16669
16675
16678
16678
16688
16688
16690
16691
16698
16705
16705
16709
16712
16716
16716
16721
16729
16735
16739
16740
16740
16745
16748
16752
16752
16752
16756
16762
16763
16763
16764
16766
16767
16771
16774
16775
16776
16776
16777
16778
16784
16786
16788
16788
16788
16792
16792
16793
16794
16795
16797
16806
16815
16821
16824
16826
16828
16830
16834
16835
16836
16841
16843
16846
16846
16847
16850
16858
16860
16865
16865
16867
16868
16870
16873
16873
16880
16882
16883
16886
16887
16889
16892
16894
16910
16913
16928
16929
16930
16934
16941
16945
16947
16948
16955
16964
16967
16972
16974
16978
16982
16984
16989
16989
16989
16995
16996
17008
17010
17018
17021
17026
17027
17028
17028
17029
17032
17034
17037
17041
17044
17045
17046
17049
17058
17059
17063
17068
17070
17072
17074
17076
17080
17082
17085
17087
17095
17095
17100
17102
17106
17110
17115
17117
17118
17124
17129
17133
17134
17136
17137
17139
17140
17141
17144
17147
17149
17150
17153
17153
17157
17158
17159
17162
17163
17166
17173
17177
17185
17189
17197
17204
17205
17205
17206
17208
17208
17210
17211
17211
17217
17235
17239
17240
17241
17242
17243
17244
17248
17251
17256
17257
17265
17267
17267
17268
17268
17272
17273
17274
17275
17277
17277
17278
17280
17281
17281
17285
17286
17287
17288
17289
17296
17299
17302
17302
17306
17308
17315
17315
17317
17320
17338
17339
17341
17343
17344
17346
17347
17351
17354
17361
17365
17366
17372
17374
17377
17378
17380
17382
17385
17394
17396
17403
17405
17408
17416
17418
17435
17435
17436
17436
17438
17439
17448
17449
17450
17451
17459
17463
17466
17468
17470
17472
17480
17482
17483
17490
17500
17509
17510
17520
17525
17529
17537
17537
17537
17543
17559
17561
17563
17568
17569
17571
17574
17575
17578
17578
17580
17581
17584
17585
17585
17593
17594
17594
17598
17608
17611
17612
17624
17625
17632
17636
17641
17642
17644
17645
17646
17657
17661
17663
17670
17678
17678
17678
17680
17687
17688
17691
17693
17693
17693
17699
17702
17703
17705
17711
17714
17714
17715
17722
17722
17722
17731
17735
17736
17738
17738
17740
17741
17743
17746
17746
17746
17750
17751
17752
17753
17754
17755
17758
17762
17768
17776
17776
17783
17786
17788
17803
17803
17809
17813
17813
17824
17828
17832
17843
17849
17849
17851
17852
17853
17855
17858
17858
17878
17878
17883
17884
17889
17893
17895
17895
17895
17898
17907
17916
17918
17927
17930
17931
17937
17938
17942
17946
17946
17948
17949
17950
17954
17954
17955
17961
17964
17965
17970
17971
17974
17975
17975
17975
17976
17980
17980
17982
17985
17985
17988
17990
17994
17996
18000
18013
18017
18027
18029
18030
18034
18035
18037
18048
18049
18052
18053
18053
18054
18057
18058
18065
18073
18074
18079
18089
18091
18095
18097
18097
18105
18111
18111
18120
18123
18124
18125
18131
18132
18137
18141
18141
18146
18154
18155
18157
18161
18163
18166
18175
18176
18180
18181
18183
18186
18187
18195
18199
18203
18204
18205
18209
18213
18221
18221
18229
18229
18230
18231
18233
18234
18235
18236
18238
18247
18248
18248
18255
18258
18265
18265
18266
18275
18279
18279
18287
18291
18295
18303
18307
18307
18308
18308
18317
18319
18321
18323
18326
18327
18329
18331
18334
18338
18342
18342
18343
18343
18345
18347
18354
18355
18358
18359
18363
18379
18389
18391
18391
18395
18396
18404
18408
18409
18413
18416
18417
18419
18424
18427
18429
18439
18444
18446
18448
18451
18455
18461
18461
18463
18463
18466
18468
18469
18475
18476
18480
18482
18488
18494
18494
18501
18511
18520
18522
18531
18534
18537
18540
18541
18542
18546
18553
18554
18557
18558
18561
18570
18575
18577
18580
18584
18588
18594
18596
18596
18596
18597
18606
18609
18610
18612
18614
18619
18619
18628
18629
18640
18641
18644
18652
18659
18661
18664
18667
18671
18672
18673
18678
18678
18682
18683
18683
18687
18690
18693
18693
18694
18694
18694
18700
18701
18704
18709
18722
18722
18724
18726
18728
18729
18729
18734
18741
18744
18746
18748
18752
18755
18758
18759
18761
18762
18762
18762
18764
18768
18768
18769
18770
18773
18773
18783
18786
18788
18793
18799
18800
18801
18804
18804
18805
18817
18820
18821
18823
18825
18834
18836
18842
18843
18851
18855
18859
18874
18875
18877
18878
18879
18880
18888
18892
18895
18901
18904
18904
18908
18910
18911
18918
18922
18922
18924
18927
18929
18933
18937
18941
18944
18946
18957
18967
18969
18972
18981
18982
18996
18997
18998
19007
19009
19009
19009
19014
19017
19017
19020
19021
19022
19024
19024
19027
19028
19030
19037
19046
19048
19051
19052
19055
19057
19057
19058
19062
19064
19065
19065
19071
19074
19076
19085
19087
19088
19090
19091
19092
19093
19095
19096
19099
19101
19104
19109
19111
19114
19124
19133
19136
19139
19142
19144
19145
19146
19150
19150
19154
19154
19160
19166
19168
19170
19170
19171
19171
19174
19174
19178
19179
19192
19201
19205
19205
19207
19208
19213
19216
19223
19235
19237
19238
19239
19240
19241
19242
19249
19250
19252
19261
19263
19271
19272
19272
19273
19275
19278
19281
19282
19284
19301
19302
19302
19308
19314
19324
19332
19332
19335
19336
19336
19337
19340
19341
19342
19342
19342
19343
19349
19356
19356
19371
19378
19380
19384
19385
19387
19392
19399
19404
19405
19408
19412
19417
19425
19426
19434
19435
19436
19440
19440
19441
19441
19444
19444
19446
19447
19449
19449
19452
19453
19454
19457
19458
19460
19461
19461
19466
19468
19468
19480
19484
19485
19488
19496
19509
19510
19510
19511
19520
19521
19523
19525
19535
19542
19542
19544
19548
19550
19551
19554
19559
19559
19559
19560
19582
19583
19585
19586
19588
19598
19599
19610
19610
19611
19617
19620
19623
19627
19627
19628
19630
19634
19634
19638
19644
19645
19645
19654
19665
19665
19666
19670
19672
19677
19690
19697
19699
19701
19708
19717
19727
19730
19739
19740
19753
19754
19756
19763
19771
19772
19773
19777
19783
19784
19785
19786
19788
19792
19792
19794
19795
19796
19803
19813
19817
19827
19829
19833
19834
19841
19843
19843
19850
19854
19858
19859
19872
19873
19874
19875
19876
19881
19883
19892
19893
19896
19896
19896
19899
19910
19919
19926
19929
19937
19939
19942
19943
19943
19944
19947
19950
19953
19953
19957
19958
19963
19966
19971
19974
19978
19981
19983
19999
20000
20000
20001
20002
20004
20010
20014
20014
20015
20019
20019
20019
20023
20032
20033
20035
20046
20047
20048
20051
20057
20061
20061
20062
20062
20063
20068
20069
20071
20071
20076
20077
20083
20083
20084
20087
20091
20095
20099
20100
20109
20114
20115
20118
20123
20143
20145
20147
20148
20148
20151
20157
20162
20163
20164
20166
20167
20169
20179
20180
20184
20185
20192
20192
20192
20196
20197
20198
20200
20201
20209
20213
20215
20219
20219
20220
20225
20226
20237
20238
20239
20241
20245
20251
20261
20264
20265
20265
20266
20267
20267
20273
20279
20282
20283
20283
20293
20293
20293
20295
20298
20301
20301
20302
20309
20314
20320
20325
20336
20338
20344
20354
20360
20367
20374
20385
20386
20407
20409
20410
20416
20420
20426
20435
20437
20442
20458
20462
20466
20469
20470
20472
20472
20472
20473
20482
20483
20487
20488
20495
20501
20501
20504
20507
20509
20525
20530
20532
20538
20540
20543
20556
20558
20558
20563
20564
20564
20565
20571
20576
20586
20594
20595
20595
20603
20606
20608
20608
20621
20625
20626
20626
20627
20630
20633
20635
20635
20644
20648
20648
20652
20653
20657
20660
20664
20666
20674
20677
20690
20695
20700
20713
20714
20722
20724
20727
20730
20732
20733
20735
20738
20740
20743
20744
20748
20748
20750
20754
20756
20758
20763
20766
20769
20772
20775
20775
20788
20790
20794
20803
20804
20804
20823
20830
20831
20835
20844
20856
20857
20867
20871
20873
20874
20874
20877
20879
20880
20880
20885
20889
20891
20894
20895
20896
20910
20919
20920
20921
20922
20932
20933
20941
20943
20945
20950
20950
20952
20955
20958
20962
20962
20973
20973
20973
20979
20979
20982
20983
20986
20990
20990
20992
20995
21005
21007
21008
21012
21013
21014
21020
21021
21025
21028
21034
21035
21037
21041
21041
21042
21044
21045
21049
21050
21054
21060
21060
21065
21073
21074
21076
21078
21082
21085
21091
21102
21103
21103
21104
21108
21109
21111
21113
21117
21121
21122
21122
21133
21137
21140
21143
21144
21148
21151
21151
21153
21155
21157
21157
21159
21160
21162
21163
21170
21181
21184
21187
21189
21191
21195
21196
21198
21199
21199
21206
21206
21210
21219
21224
21227
21229
21229
21234
21235
21235
21238
21244
21245
21246
21249
21257
21258
21261
21264
21271
21276
21281
21284
21285
21285
21287
21287
21290
21292
21292
21294
21295
21296
21298
21298
21302
21304
21305
21306
21314
21315
21317
21317
21323
21325
21325
21327
21328
21331
21336
21340
21340
21341
21342
21342
21344
21346
21351
21362
21365
21366
21370
21372
21376
21391
21391
21394
21397
21400
21405
21408
21410
21410
21412
21415
21415
21419
21419
21424
21430
21434
21436
21441
21447
21449
21451
21457
21471
21473
21477
21477
21479
21485
21488
21489
21492
21493
21494
21501
21505
21508
21510
21514
21514
21518
21523
21524
21527
21531
21531
21536
21539
21539
21539
21541
21544
21549
21549
21553
21556
21559
21561
21564
21564
21565
21575
21580
21586
21587
21594
21597
21597
21601
21604
21613
21622
21625
21627
21627
21630
21639
21640
21644
21646
21651
21659
21659
21665
21666
21668
21669
21670
21675
21686
21688
21691
21692
21697
21701
21711
21715
21716
21718
21720
21723
21723
21724
21728
21729
21735
21740
21744
21757
21771
21778
21779
21780
21781
21781
21783
21786
21787
21793
21795
21795
21798
21803
21805
21805
21805
21816
21823
21823
21827
21841
21841
21848
21850
21861
21863
21874
21879
21880
21883
21887
21888
21889
21893
21901
21902
21908
21910
21911
21913
21914
21914
21916
21920
21921
21923
21925
21931
21933
21936
21940
21941
21954
21954
21956
21961
21961
21962
21964
21966
21968
21972
21976
21977
21978
21980
21982
21986
21986
22007
22009
22009
22018
22019
22020
22022
22025
22029
22034
22042
22046
22046
22047
22057
22058
22060
22060
22062
22065
22065
22065
22068
22068
22073
22073
22075
22075
22076
22082
22085
22086
22088
22093
22093
22106
22116
22119
22123
22124
22130
22134
22136
22145
22146
22148
22148
22148
22155
22158
22163
22166
22168
22168
22168
22170
22174
22178
22181
22186
22189
22190
22195
22202
22205
22207
22207
22214
22219
22223
22224
22225
22234
22234
22245
22252
22253
22257
22262
22263
22263
22269
22270
22283
22287
22287
22291
22293
22295
22295
22299
22300
22314
22317
22319
22319
22320
22327
22327
22328
22329
22344
22345
22348
22354
22357
22365
22365
22367
22370
22371
22374
22378
22378
22383
22385
22387
22393
22394
22397
22399
22402
22402
22408
22410
22411
22414
22417
22424
22430
22430
22433
22433
22438
22439
22442
22447
22452
22453
22454
22456
22457
22468
22473
22478
22481
22485
22490
22493
22493
22498
22502
22503
22504
22504
22505
22519
22521
22530
22533
22537
22540
22543
22544
22547
22555
22555
22563
22568
22578
22582
22582
22583
22585
22585
22586
22589
22594
22595
22597
22616
22632
22638
22639
22644
22647
22654
22656
22656
22658
22665
22665
22667
22668
22670
22673
22674
22675
22680
22681
22682
22682
22690
22692
22699
22702
22704
22708
22715
22717
22727
22727
22728
22731
22733
22739
22741
22742
22745
22745
22752
22752
22756
22756
22758
22758
22760
22761
22763
22763
22765
22768
22769
22771
22772
22778
22780
22785
22786
22789
22790
22790
22795
22796
22805
22806
22809
22810
22811
22816
22819
22832
22834
22836
22838
22841
22847
22849
22850
22851
22855
22855
22863
22864
22869
22872
22876
22878
22879
22884
22898
22901
22907
22914
22914
22922
22922
22925
22927
22932
22934
22939
22939
22941
22945
22946
22946
22955
22958
22958
22960
22961
22964
22965
22965
22966
22967
22971
22976
22985
22986
22991
22998
23001
23002
23004
23004
23007
23010
23016
23016
23018
23019
23020
23029
23031
23032
23032
23046
23047
23049
23055
23062
23065
23072
23078
23078
23083
23085
23091
23092
23096
23098
23098
23103
23109
23109
23111
23114
23118
23121
23123
23129
23132
23136
23140
23141
23144
23145
23150
23154
23156
23160
23167
23171
23174
23180
23183
23185
23186
23186
23187
23192
23199
23200
23200
23201
23216
23218
23222
23223
23228
23228
23228
23229
23235
23238
23242
23247
23249
23259
23259
23260
23264
23274
23275
23278
23278
23280
23285
23286
23291
23305
23308
23309
23311
23320
23323
23324
23324
23329
23333
23338
23338
23339
23343
23343
23351
23357
23359
23360
23365
23366
23369
23372
23378
23381
23382
23382
23386
23388
23389
23392
23392
23392
23393
23397
23399
23406
23420
23420
23423
23426
23426
23426
23429
23436
23444
23446
23455
23457
23463
23464
23469
23469
23470
23470
23474
23474
23475
23476
23478
23480
23484
23485
23488
23494
23496
23497
23498
23501
23502
23504
23507
23508
23512
23515
23523
23524
23526
23527
23531
23533
23541
23549
23550
23553
23555
23560
23567
23570
23571
23575
23581
23586
23589
23590
23590
23597
23597
23602
23617
23620
23621
23627
23629
23630
23631
23631
23637
23640
23641
23649
23650
23650
23651
23651
23652
23653
23657
23660
23664
23664
23668
23668
23670
23671
23674
23679
23680
23689
23693
23695
23700
23703
23703
23710
23715
23716
23716
23726
23727
23728
23728
23731
23735
23737
23738
23740
23741
23745
23764
23765
23766
23773
23776
23782
23783
23788
23788
23797
23798
23808
23808
23809
23809
23809
23812
23815
23822
23826
23827
23828
23832
23832
23834
23836
23842
23846
23850
23855
23857
23858
23859
23860
23861
23865
23869
23871
23871
23879
23884
23899
23901
23901
23917
23917
23918
23924
23939
23941
23941
23942
23944
23944
23946
23956
23956
23956
23958
23959
23962
23964
23964
23966
23968
23968
23971
23972
23977
23979
23990
23994
23995
24000
24002
24007
24010
24010
24013
24024
24026
24026
24030
24036
24036
24036
24036
24046
24051
24052
24053
24059
24062
24063
24064
24066
24068
24072
24076
24076
24079
24079
24079
24079
24083
24096
24098
24101
24104
24105
24110
24111
24113
24114
24117
24117
24122
24129
24132
24136
24139
24146
24150
24150
24153
24155
24157
24159
24163
24167
24169
24174
24179
24180
24181
24184
24186
24192
24203
24205
24206
24215
24216
24219
24221
24224
24235
24235
24240
24244
24247
24255
24260
24263
24265
24266
24271
24273
24274
24276
24279
24285
24287
24287
24288
24290
24292
24293
24297
24316
24318
24323
24323
24326
24327
24330
24334
24336
24339
24339
24341
24347
24353
24354
24356
24357
24357
24359
24368
24369
24369
24371
24382
24387
24387
24389
24390
24395
24397
24401
24406
24408
24410
24414
24414
24415
24419
24421
24429
24433
24433
24434
24453
24454
24456
24456
24458
24461
24462
24463
24466
24467
24467
24473
24474
24474
24476
24484
24484
24485
24487
24488
24494
24500
24502
24506
24510
24513
24514
24517
24520
24525
24530
24531
24538
24542
24543
24545
24549
24553
24554
24558
24559
24560
24563
24567
24568
24570
24573
24574
24576
24577
24580
24582
24593
24596
24602
24606
24609
24610
24612
24613
24615
24617
24620
24622
24622
24637
24641
24646
24646
24646
24659
24661
24662
24669
24676
24677
24678
24679
24679
24688
24689
24691
24697
24703
24710
24714
24714
24726
24727
24729
24730
24740
24745
24745
24747
24758
24759
24760
24764
24772
24778
24779
24780
24780
24781
24785
24788
24789
24790
24790
24795
24807
24807
24809
24809
24811
24816
24817
24818
24820
24821
24822
24827
24831
24832
24842
24845
24848
24852
24854
24857
24862
24864
24865
24866
24867
24876
24877
24878
24891
24891
24893
24897
24902
24902
24902
24916
24918
24920
24921
24921
24924
24925
24926
24926
24928
24931
24932
24937
24945
24959
24963
24967
24976
24976
24977
24980
24983
24985
24985
24995
24995
24995
24997
25002
25003
25009
25011
25015
25016
25020
25022
25024
25028
25030
25031
25040
25042
25046
25049
25051
25053
25057
25057
25060
25063
25065
25070
25070
25070
25081
25086
25086
25088
25095
25096
25096
25098
25105
25107
25107
25108
25108
25110
25111
25117
25117
25119
25127
25132
25135
25146
25149
25154
25156
25159
25161
25163
25171
25173
25177
25177
25181
25181
25181
25185
25187
25188
25190
25200
25203
25205
25205
25212
25213
25215
25216
25222
25223
25225
25230
25233
25234
25237
25239
25240
25245
25247
25257
25266
25268
25271
25299
25300
25301
25304
25305
25305
25306
25309
25313
25317
25327
25329
25337
25337
25340
25341
25341
25343
25343
25345
25349
25356
25357
25357
25358
25358
25361
25363
25364
25364
25365
25368
25369
25369
25371
25373
25375
25376
25376
25377
25382
25395
25395
25400
25402
25404
25412
25415
25415
25415
25416
25416
25418
25420
25425
25426
25429
25430
25431
25431
25436
25450
25455
25459
25460
25468
25469
25489
25493
25495
25495
25500
25503
25506
25507
25516
25517
25521
25531
25532
25533
25537
25538
25539
25540
25540
25541
25541
25550
25553
25554
25557
25563
25569
25571
25577
25581
25582
25591
25600
25600
25602
25604
25605
25608
25618
25618
25621
25623
25627
25627
25634
25636
25636
25637
25646
25646
25651
25657
25658
25664
25667
25668
25672
25676
25679
25683
25686
25691
25695
25697
25700
25707
25708
25712
25712
25716
25723
25725
25725
25727
25727
25729
25733
25733
25743
25744
25745
25746
25748
25749
25749
25750
25754
25754
25763
25772
25773
25775
25782
25794
25794
25795
25797
25801
25802
25805
25813
25821
25826
25827
25839
25841
25842
25843
25844
25846
25850
25853
25854
25863
25864
25866
25870
25877
25877
25882
25884
25886
25892
25898
25901
25906
25907
25908
25908
25908
25910
25910
25922
25924
25927
25927
25928
25935
25939
25941
25946
25950
25954
25956
25956
25957
25958
25960
25962
25963
25965
25975
25977
25977
25982
25982
25985
25989
25997
26004
26007
26008
26014
26020
26032
26040
26042
26049
26050
26051
26053
26063
26063
26074
26079
26084
26084
26087
26087
26088
26090
26093
26096
26102
26106
26106
26114
26115
26116
26119
26121
26126
26128
26128
26145
26159
26162
26162
26169
26171
26174
26176
26179
26188
26191
26200
26208
26211
26212
26214
26219
26223
26232
26234
26235
26236
26236
26237
26242
26244
26250
26251
26258
26260
26264
26268
26273
26275
26296
26298
26299
26301
26306
26315
26319
26323
26325
26325
26325
26328
26330
26335
26354
26357
26360
26361
26376
26383
26386
26393
26408
26414
26418
26419
26430
26432
26432
26434
26440
26448
26453
26457
26460
26461
26461
26462
26471
26473
26475
26483
26486
26487
26489
26494
26503
26507
26509
26514
26515
26518
26522
26527
26528
26529
26530
26530
26534
26536
26541
26541
26548
26549
26555
26559
26568
26571
26572
26578
26583
26586
26589
26589
26593
26594
26596
26596
26601
26604
26605
26616
26616
26618
26619
26627
26637
26639
26645
26649
26653
26666
26667
26667
26671
26688
26689
26689
26696
26702
26704
26710
26714
26718
26719
26734
26738
26742
26745
26747
26756
26760
26762
26762
26763
26763
26764
26765
26766
26768
26772
26773
26773
26775
26780
26784
26784
26787
26792
26797
26797
26803
26811
26821
26824
26825
26825
26827
26827
26829
26830
26832
26847
26851
26855
26855
26858
26859
26869
26873
26880
26880
26881
26882
26886
26888
26889
26890
26893
26893
26895
26902
26903
26904
26904
26913
26914
26923
26924
26927
26927
26927
26931
26933
26935
26937
26937
26939
26943
26950
26951
26956
26959
26965
26966
26967
26968
26969
26970
26971
26974
26977
26980
26981
26985
26989
26990
26992
26994
26994
26996
27000
27002
27006
27007
27009
27015
27017
27017
27017
27023
27023
27025
27027
27029
27032
27038
27043
27056
27056
27057
27061
27068
27075
27082
27083
27083
27087
27099
27100
27101
27108
27109
27116
27116
27122
27123
27123
27129
27129
27130
27133
27134
27135
27145
27146
27150
27154
27168
27171
27172
27178
27181
27184
27200
27206
27206
27211
27212
27213
27216
27228
27229
27230
27238
27239
27242
27247
27247
27252
27255
27263
27265
27268
27273
27275
27279
27280
27282
27285
27287
27289
27290
27292
27295
27299
27303
27305
27306
27313
27316
27320
27320
27332
27336
27337
27341
27346
27348
27348
27353
27359
27366
27369
27375
27380
27382
27384
27385
27394
27395
27397
27399
27405
27410
27416
27422
27423
27425
27426
27427
27427
27428
27432
27436
27438
27447
27455
27456
27456
27456
27460
27464
27473
27478
27478
27486
27487
27490
27492
27492
27510
27512
27512
27516
27518
27519
27520
27520
27523
27524
27525
27526
27528
27529
27531
27533
27534
27537
27537
27540
27553
27553
27556
27556
27557
27558
27561
27563
27566
27570
27571
27575
27577
27577
27581
27584
27594
27596
27603
27605
27612
27614
27614
27614
27620
27626
27628
27629
27630
27634
27641
27648
27653
27655
27657
27658
27665
27666
27671
27677
27681
27681
27683
27686
27690
27690
27693
27699
27700
27700
27702
27705
27710
27714
27714
27717
27719
27719
27719
27721
27721
27732
27733
27734
27735
27741
27746
27756
27757
27759
27761
27762
27764
27771
27776
27780
27781
27789
27793
27794
27802
27806
27810
27814
27815
27820
27836
27841
27852
27852
27856
27858
27860
27861
27869
27871
27871
27872
27877
27882
27884
27887
27893
27893
27897
27898
27899
27901
27902
27902
27906
27909
27914
27914
27916
27917
27922
27924
27930
27931
27931
27932
27933
27935
27940
27942
27943
27945
27951
27952
27953
27953
27956
27963
27964
27967
27968
27972
27973
27973
27978
27982
27983
27986
27989
27993
27997
28002
28004
28004
28023
28025
28025
28028
28029
28035
28038
28039
28041
28046
28046
28052
28057
28062
28062
28063
28066
28066
28070
28070
28076
28077
28078
28080
28080
28082
28086
28086
28087
28089
28103
28105
28108
28109
28111
28118
28120
28126
28130
28130
28138
28140
28143
28145
28146
28149
28149
28154
28157
28157
28159
28176
28181
28182
28182
28183
28189
28190
28192
28198
28198
28200
28204
28206
28206
28214
28235
28238
28242
28243
28250
28255
28258
28261
28272
28272
28274
28276
28286
28286
28292
28294
28300
28300
28301
28303
28304
28304
28308
28311
28315
28317
28321
28322
28324
28330
28331
28333
28333
28334
28334
28337
28337
28337
28339
28339
28346
28349
28353
28354
28354
28360
28362
28365
28367
28368
28372
28379
28384
28391
28397
28400
28400
28401
28407
28417
28418
28424
28433
28436
28439
28446
28447
28462
28462
28470
28476
28476
28478
28478
28482
28483
28483
28483
28486
28487
28489
28492
28496
28510
28516
28516
28521
28529
28532
28533
28538
28544
28545
28547
28552
28555
28558
28564
28569
28573
28576
28576
28578
28581
28588
28588
28594
28595
28595
28595
28597
28602
28605
28606
28607
28609
28616
28619
28621
28622
28623
28624
28626
28629
28630
28630
28633
28638
28639
28642
28642
28643
28647
28648
28655
28655
28668
28671
28672
28676
28696
28698
28700
28704
28704
28706
28706
28709
28711
28714
28718
28719
28732
28736
28744
28744
28750
28751
28752
28753
28753
28753
28757
28758
28760
28761
28770
28775
28777
28778
28779
28790
28800
28803
28803
28807
28809
28812
28816
28819
28822
28822
28822
28826
28831
28832
28834
28835
28840
28847
28847
28849
28851
28853
28854
28862
28863
28866
28874
28877
28880
28880
28883
28883
28892
28894
28900
28905
28906
28907
28911
28911
28913
28914
28914
28918
28928
28929
28930
28932
28943
28945
28947
28949
28966
28971
28987
28988
28994
28994
28997
29000
29003
29005
29005
29005
29012
29016
29017
29019
29021
29022
29025
29025
29026
29030
29031
29036
29037
29039
29042
29045
29045
29045
29051
29055
29055
29065
29066
29072
29074
29075
29077
29079
29080
29080
29083
29089
29090
29097
29098
29099
29102
29108
29109
29110
29111
29112
29115
29126
29131
29133
29135
29141
29144
29146
29146
29152
29155
29157
29157
29159
29159
29160
29161
29165
29172
29175
29189
29192
29194
29197
29198
29202
29203
29210
29210
29210
29212
29212
29217
29219
29221
29224
29226
29230
29248
29252
29257
29263
29264
29269
29270
29271
29272
29273
29274
29279
29283
29288
29290
29298
29299
29304
29304
29322
29324
29327
29328
29329
29329
29331
29334
29343
29345
29354
29356
29359
29360
29362
29367
29380
29382
29383
29386
29389
29396
29397
29398
29398
29400
29402
29404
29407
29413
29416
29416
29418
29418
29419
29423
29427
29429
29431
29434
29435
29446
29447
29447
29453
29458
29459
29463
29466
29474
29476
29480
29483
29487
29491
29492
29499
29499
29502
29506
29513
29514
29521
29525
29531
29531
29532
29533
29537
29537
29538
29541
29541
29542
29543
29545
29549
29557
29560
29565
29575
29586
29591
29595
29596
29598
29601
29607
29608
29614
29617
29618
29620
29621
29624
29624
29626
29630
29630
29630
29635
29637
29638
29647
29648
29649
29654
29656
29658
29658
29659
29661
29662
29664
29665
29672
29677
29678
29681
29681
29682
29687
29687
29692
29693
29693
29695
29699
29699
29700
29703
29704
29705
29712
29713
29714
29715
29719
29719
29721
29723
29729
29735
29739
29742
29742
29743
29744
29745
29752
29752
29767
29771
29781
29781
29781
29784
29785
29786
29789
29792
29796
29811
29811
29813
29819
29823
29824
29825
29825
29829
29830
29832
29833
29843
29844
29852
29854
29854
29855
29858
29860
29860
29865
29867
29869
29875
29876
29886
29889
29892
29893
29902
29905
29910
29916
29919
29919
29920
29923
29924
29930
29934
29935
29950
29950
29954
29957
29959
29961
29962
29962
29963
29964
29965
29967
29968
29969
29970
29970
29979
29982
29983
29983
29984
29985
29991
29992
29995
29999
30009
30010
30013
30015
30018
30024
30027
30032
30037
30041
30041
30042
30043
30044
30044
30047
30047
30048
30053
30055
30056
30060
30061
30063
30065
30067
30067
30068
30069
30069
30072
30076
30080
30087
30097
30097
30107
30110
30119
30119
30122
30128
30131
30134
30143
30143
30148
30149
30152
30158
30162
30167
30174
30177
30185
30186
30188
30192
30198
30200
30209
30212
30219
30220
30225
30228
30229
30230
30236
30237
30239
30244
30248
30257
30258
30262
30265
30265
30268
30268
30270
30271
30278
30286
30288
30288
30292
30293
30295
30296
30299
30302
30304
30305
30306
30309
30316
30324
30325
30325
30331
30334
30340
30340
30340
30343
30346
30348
30348
30352
30353
30353
30353
30354
30359
30369
30375
30378
30379
30380
30383
30392
30394
30395
30396
30398
30402
30408
30409
30411
30412
30414
30418
30423
30425
30431
30433
30434
30435
30436
30444
30447
30448
30454
30455
30458
30466
30467
30471
30472
30479
30479
30488
30489
30490
30492
30493
30497
30502
30505
30508
30509
30515
30518
30524
30527
30529
30533
30542
30544
30545
30545
30553
30553
30557
30558
30558
30559
30561
30561
30565
30568
30569
30571
30571
30575
30578
30578
30578
30579
30579
30582
30588
30589
30590
30591
30593
30595
30600
30607
30609
30612
30616
30616
30629
30630
30634
30635
30636
30649
30650
30657
30660
30661
30662
30664
30670
30671
30677
30680
30684
30685
30686
30689
30691
30695
30699
30704
30710
30716
30718
30719
30724
30725
30727
30728
30738
30740
30747
30747
30748
30757
30757
30759
30771
30772
30774
30777
30789
30790
30796
30798
30800
30812
30819
30820
30831
30831
30838
30842
30842
30850
30852
30856
30864
30875
30876
30876
30892
30894
30900
30906
30907
30908
30916
30917
30921
30922
30928
30931
30931
30931
30939
30939
30943
30943
30949
30957
30957
30960
30966
30968
30979
30990
30995
30999
31001
31001
31002
31003
31007
31009
31011
31014
31019
31024
31024
31027
31029
31030
31031
31033
31033
31047
31054
31058
31065
31067
31069
31070
31073
31086
31091
31093
31098
31104
31112
31114
31114
31116
31118
31118
31118
31121
31125
31125
31130
31132
31134
31139
31156
31157
31158
31163
31163
31172
31173
31173
31175
31176
31177
31180
31180
31181
31183
31183
31185
31186
31189
31189
31193
31194
31194
31198
31201
31203
31210
31214
31216
31216
31222
31226
31229
31230
31238
31239
31241
31246
31249
31250
31264
31267
31268
31276
31277
31279
31279
31280
31281
31294
31299
31300
31304
31307
31308
31312
31314
31316
31320
31326
31329
31332
31335
31336
31340
31343
31346
31348
31351
31356
31357
31358
31365
31368
31368
31375
31377
31378
31378
31383
31389
31396
31399
31404
31404
31407
31410
31410
31414
31420
31421
31421
31422
31433
31435
31436
31436
31438
31442
31448
31449
31449
31454
31454
31457
31457
31465
31466
31470
31476
31476
31476
31484
31489
31498
31499
31501
31508
31510
31516
31519
31520
31526
31530
31538
31540
31540
31541
31545
31550
31559
31559
31561
31568
31574
31579
31580
31582
31587
31591
31596
31602
31614
31615
31617
31623
31634
31636
31640
31642
31646
31653
31656
31663
31668
31668
31669
31672
31672
31674
31678
31681
31683
31683
31686
31687
31689
31689
31691
31695
31696
31699
31702
31712
31712
31714
31718
31719
31731
31735
31741
31743
31744
31746
31756
31763
31780
31790
31795
31797
31799
31799
31801
31803
31803
31804
31815
31819
31823
31823
31826
31844
31848
31849
31853
31855
31857
31859
31861
31867
31867
31871
31876
31876
31877
31877
31879
31888
31890
31894
31895
31900
31905
31905
31908
31908
31915
31915
31917
31922
31923
31925
31929
31929
31930
31935
31939
31939
31942
31945
31952
31954
31954
31957
31958
31960
31963
31965
31971
31975
31976
31979
31982
31982
31986
31990
31996
31999
32002
32002
32009
32011
32021
32024
32029
32030
32038
32038
32039
32040
32044
32044
32053
32056
32059
32064
32070
32073
32075
32076
32079
32084
32085
32089
32091
32092
32093
32101
32108
32109
32111
32111
32116
32129
32130
32136
32137
32141
32142
32145
32145
32150
32153
32153
32162
32166
32166
32168
32173
32174
32174
32180
32182
32185
32189
32189
32191
32194
32195
32199
32200
32200
32201
32205
32206
32206
32210
32216
32219
32219
32231
32235
32241
32242
32243
32251
32256
32257
32258
32260
32261
32262
32269
32269
32272
32273
32277
32277
32281
32281
32287
32287
32300
32301
32301
32307
32307
32310
32313
32314
32316
32322
32324
32328
32329
32348
32351
32354
32360
32361
32367
32367
32373
32374
32376
32381
32382
32390
32392
32392
32403
32406
32406
32418
32419
32420
32421
32425
32438
32441
32442
32443
32452
32459
32470
32471
32472
32475
32477
32478
32483
32485
32489
32496
32497
32503
32505
32506
32506
32511
32515
32516
32517
32519
32520
32537
32538
32539
32548
32549
32553
32562
32575
32575
32582
32586
32587
32588
32589
32591
32593
32594
32598
32600
32603
32607
32613
32615
32616
32622
32624
32633
32635
32636
32645
32652
32655
32657
32659
32660
32663
32670
32670
32671
32673
32679
32686
32691
32695
32696
32700
32702
32710
32713
32715
32716
32717
32717
32717
32721
32728
32734
32741
32745
32745
32748
32754
32755
32757
32757
32757
32762
32764
32764
32765
32767
