0
1
4
5
5
6
12
12
13
13
15
15
16
16
16
16
19
19
20
20
20
20
21
22
23
26
27
29
33
34
34
35
38
38
39
40
41
42
42
42
43
43
45
47
49
50
52
54
54
55
55
55
55
57
58
60
60
62
62
63
63
64
64
64
65
67
68
68
70
70
70
71
71
74
74
74
75
75
77
79
79
80
80
80
80
81
83
83
84
85
86
86
87
87
87
89
89
89
90
91
92
94
95
96
96
98
98
101
101
101
101
101
103
104
105
106
107
107
107
108
108
110
112
113
113
116
116
121
123
124
126
126
126
127
127
129
130
132
133
136
138
139
140
140
140
141
142
142
143
143
145
145
146
148
150
154
156
157
158
159
160
160
163
163
164
167
168
168
169
169
169
169
170
170
171
173
174
175
175
176
176
178
179
179
180
183
183
184
184
184
185
185
185
187
187
187
190
191
191
192
192
194
196
196
196
200
201
203
204
205
205
205
207
209
209
210
210
211
211
212
215
216
217
218
218
218
219
220
221
223
225
226
226
228
232
233
235
236
237
238
238
240
241
241
242
243
243
245
246
247
248
249
253
253
255
259
259
260
261
262
262
262
264
264
265
265
265
267
268
269
270
270
271
271
271
272
272
273
273
274
274
275
276
277
278
280
280
282
284
285
288
288
289
290
290
292
292
293
295
295
296
296
296
298
298
301
302
303
304
305
306
308
311
312
313
315
316
317
317
320
320
321
322
325
325
327
328
329
329
330
330
330
331
334
335
335
335
336
338
339
339
340
340
341
342
345
345
346
346
346
347
349
352
352
355
356
356
356
356
356
357
358
359
361
363
364
364
366
369
369
370
370
370
370
371
372
373
374
375
376
376
377
378
378
379
381
381
383
384
385
388
390
391
392
392
393
393
395
395
396
396
397
399
401
401
401
403
406
407
408
408
409
409
409
409
410
410
413
413
414
415
417
418
418
418
419
420
420
421
422
422
422
422
424
425
425
425
428
428
431
431
431
431
433
434
438
438
440
440
441
441
443
446
447
449
449
449
450
450
451
451
452
454
454
454
457
461
461
464
465
465
467
468
468
468
469
469
470
471
472
473
474
475
476
476
481
481
483
483
484
486
487
488
489
492
493
493
493
495
495
496
499
500
500
501
502
503
504
504
505
506
506
507
507
509
511
511
514
517
520
521
523
523
524
525
525
525
527
527
530
530
530
531
532
533
535
537
539
540
541
541
542
542
543
547
548
550
552
552
554
556
556
559
559
563
564
566
566
568
569
570
571
573
577
578
578
580
581
581
582
583
583
586
586
590
590
591
592
593
593
595
598
600
600
601
604
605
605
606
606
606
608
608
612
615
615
616
618
618
620
621
621
624
624
625
625
628
628
630
631
631
632
632
632
634
635
637
637
637
638
638
638
639
639
642
642
643
644
644
644
646
646
647
648
648
650
650
651
653
656
657
657
658
660
661
662
662
663
664
664
665
666
666
667
667
671
671
672
673
673
675
676
677
677
679
679
680
680
680
680
683
683
683
684
686
688
688
689
691
692
692
694
694
694
694
696
696
697
697
699
703
704
704
704
704
705
705
706
707
708
708
710
710
711
713
713
714
716
717
718
720
721
723
724
725
725
728
730
731
733
735
735
736
736
736
737
737
737
738
739
741
742
743
744
744
745
745
749
750
750
752
753
754
754
755
755
756
757
757
757
757
758
761
762
764
764
765
768
770
770
774
775
776
776
777
777
779
782
782
784
785
786
787
788
788
789
789
789
790
792
792
794
795
796
797
799
799
800
801
802
803
803
804
805
806
808
808
808
808
808
809
809
810
810
811
812
812
812
815
816
817
817
817
817
820
820
820
821
821
822
822
823
823
824
825
825
827
830
830
832
833
833
833
836
837
841
842
842
844
844
844
844
844
845
847
848
848
848
851
852
853
854
855
855
856
857
857
857
857
858
860
862
863
864
864
867
869
871
871
872
874
876
876
878
879
880
881
883
884
885
886
887
887
888
889
889
890
892
892
892
894
895
895
895
896
898
900
902
903
904
905
906
906
907
907
907
907
907
909
909
909
910
910
910
911
911
913
913
913
914
915
915
916
918
918
919
919
920
923
924
924
925
927
930
930
930
932
936
938
939
940
940
942
942
944
944
944
946
946
947
949
951
951
951
952
955
955
956
962
962
965
966
968
969
970
970
971
972
972
974
974
974
974
976
976
977
978
979
979
979
980
980
982
983
985
986
986
986
986
987
988
989
989
994
995
996
996
999
999
999
