1000
431
525
80
625
638
110
33
16
808
80
694
979
42
842
246
965
906
757
42
5
736
171
130
930
273
694
126
450
848
628
280
692
325
593
433
706
355
821
936
428
77
320
346
169
705
892
830
238
176
306
753
844
452
71
754
533
290
872
22
903
138
563
598
356
805
664
495
481
431
601
187
54
469
262
590
422
49
211
132
632
443
638
625
196
930
468
697
378
907
731
737
215
889
677
5
810
606
723
900
638
833
592
705
96
345
176
339
500
449
329
295
586
420
737
204
391
146
696
911
34
916
87
408
708
797
537
525
243
489
217
566
145
242
556
241
184
393
264
415
817
226
854
454
974
915
980
944
644
414
637
484
269
364
757
620
52
733
488
247
514
470
986
95
393
210
493
381
527
20
886
396
606
267
632
419
170
919
438
359
986
523
483
265
890
556
180
403
808
673
720
857
750
356
103
302
127
696
249
308
765
962
96
304
987
173
129
757
55
521
879
568
106
836
200
236
906
123
260
775
192
75
203
876
582
211
495
451
979
764
218
270
42
676
648
381
431
183
352
940
12
296
999
979
812
422
606
679
366
418
830
431
699
192
449
657
379
124
858
790
397
191
335
651
6
714
686
313
68
178
86
968
395
845
887
680
496
996
293
776
284
817
881
50
787
995
280
918
245
743
744
15
21
857
385
595
808
812
816
238
608
910
962
209
290
559
862
207
205
604
163
473
644
23
101
530
190
89
370
909
788
667
938
270
770
817
390
150
569
800
808
43
884
74
388
631
58
87
637
848
340
774
666
848
704
461
107
446
605
725
631
13
815
361
847
915
989
0
225
892
145
1
357
64
616
471
316
730
27
101
851
571
421
907
330
47
223
346
441
894
240
789
821
677
944
472
112
62
142
509
303
301
896
525
624
317
108
844
779
907
29
832
376
792
552
507
457
45
392
919
578
346
262
577
710
183
221
977
532
735
277
89
586
618
454
972
624
570
552
810
352
856
632
465
940
679
261
789
665
185
980
675
683
330
425
794
449
410
503
876
67
942
98
356
113
985
650
271
141
271
259
392
923
874
907
511
272
81
660
74
417
341
187
671
550
750
63
784
663
70
542
424
909
140
892
869
468
75
54
70
583
84
662
487
925
322
895
507
955
60
212
857
650
288
716
218
970
262
169
530
591
707
201
133
107
999
837
292
12
465
272
808
55
657
777
167
101
694
909
476
573
666
806
275
683
330
777
885
127
506
855
425
481
697
474
844
708
409
691
467
184
721
113
486
820
86
276
911
739
248
226
235
335
857
378
104
844
139
312
264
902
34
817
500
661
16
927
349
384
704
639
639
504
853
656
824
375
684
951
71
440
910
401
160
680
347
520
527
541
220
770
506
334
383
174
196
4
704
329
768
40
438
680
163
501
860
951
101
70
673
409
408
883
370
185
578
672
62
944
600
191
907
799
20
160
535
328
593
461
401
952
243
971
913
704
564
782
413
548
85
259
566
683
90
988
219
833
913
608
844
713
92
825
369
855
469
274
228
637
946
761
116
804
409
169
811
717
317
499
946
736
105
918
788
157
156
60
809
642
543
175
820
13
107
20
374
825
542
38
108
278
615
942
615
628
688
786
867
80
692
116
26
539
745
253
745
799
823
642
395
340
401
757
493
914
924
590
523
871
718
972
41
547
369
358
803
210
296
671
425
809
441
410
285
253
612
98
295
233
179
126
531
159
986
667
121
305
464
505
710
887
502
754
409
91
920
905
185
996
170
600
653
736
422
932
187
142
339
749
741
434
255
680
136
370
744
143
711
265
55
205
737
274
422
530
974
752
83
789
327
475
342
43
94
581
664
83
796
205
581
428
370
268
955
785
658
910
451
356
647
924
895
976
930
168
493
371
15
880
315
764
863
406
795
634
511
951
841
38
776
947
19
289
688
413
288
232
218
524
372
399
833
64
363
420
755
904
292
974
492
20
16
662
559
447
842
164
949
39
265
517
87
376
356
643
646
974
742
126
694
154
331
298
621
822
241
913
970
396
418
802
580
68
689
89
713
364
282
889
65
158
888
320
57
468
321
35
644
407
140
345
335
16
871
540
812
454
418
373
169
986
728
175
209
271
782
735
756
823
476
994
803
273
605
792
79
703
898
864
298
983
483
852
989
64
864
237
956
336
725
338
79
755
101
878
450
999
80
63
184
758
504
822
19
939
648
820
143
296
630
762
976
168
179
148
801
216
440
966
982
196
635
583
724
55
978
621
895
738
311
618
325
377
541
646
554
827
194
140
74
969
