10000
7614
14320
30798
25156
23393
25213
28544
13408
26937
10933
18137
3735
26890
29212
17752
6462
10731
13115
1011
12227
26268
5795
16008
15833
15897
22832
12566
30677
6767
26507
21805
29272
31183
21234
5027
23855
19937
828
16009
25975
25946
18967
26461
773
5073
15253
25985
13573
3023
28647
8428
29152
7973
4712
29984
20068
22914
25053
16476
8223
10564
1530
29458
7947
2703
24105
13211
19057
26780
11656
27178
5383
10580
18480
18687
7259
5918
9661
9437
28533
7413
32011
12733
10424
2237
19773
30660
24330
18391
30724
5235
12853
20979
20766
7198
30348
13861
18204
12191
17361
32316
2409
6731
27478
23631
20360
3109
6499
22168
9629
17490
9688
25989
25135
16333
22547
14349
10540
16476
8724
4673
8237
16323
5855
31267
14332
9015
8226
9914
12116
17173
14104
25958
13031
6868
9389
26994
16037
13625
3299
14824
9276
10441
18804
12713
23259
14468
22457
17852
31804
27856
24010
1511
4833
14516
2791
2940
7582
32582
22295
19062
27735
3431
26126
30916
14859
23469
4436
32741
10257
11425
23972
11445
32418
23339
24467
4487
22168
27978
21362
20083
4213
16136
27764
13298
15527
22958
7956
29608
22795
19252
27313
21376
1967
4603
26235
5886
8924
28863
5523
4817
21076
16071
18030
7848
1496
2142
379
22855
30957
4999
19205
29402
9184
7405
15450
29065
15880
24857
14381
9292
13643
17895
15929
14337
16099
14395
8743
8892
25954
4592
10674
22878
14324
7185
22025
873
32485
332
23668
8466
6499
17571
4667
22424
26756
4197
20420
22485
27531
29021
3835
4883
29031
21065
18678
12832
892
19342
22234
677
28070
6953
23032
20147
1915
22761
28476
21151
8913
15067
12744
17680
17281
32262
20700
9558
1130
18265
15609
17405
19896
4322
12358
14754
16486
30529
5682
16390
31489
31579
5723
8545
7087
3155
18095
12793
9073
28086
18640
2034
7845
19957
22205
25960
14031
8473
688
2235
4504
5042
11842
22314
8471
10768
31957
5540
18768
24502
17715
9178
32506
23308
18035
28057
17286
2388
9245
1623
8796
14047
28046
8972
4968
30593
13469
26179
26325
29506
30590
12912
7704
27478
25063
30340
22065
2896
10610
10431
10029
23186
2371
25541
7408
25096
8426
23029
11569
23062
14986
4854
20166
29902
15419
10130
5666
6247
18606
28616
31516
7658
21264
22300
11250
26671
10800
19250
4493
26376
16099
30875
26886
23228
10664
18927
5738
27575
13192
23836
5306
27263
26176
25341
10038
19434
26530
7471
12251
13711
9273
28192
20267
11898
3372
12136
12588
18468
28004
16989
11187
21410
6641
3809
4578
30492
426
25727
24816
14209
24596
29111
10792
19065
6022
17813
24117
17563
30346
3977
23964
30689
27781
4466
29322
5720
29083
30716
6096
27932
9677
3372
12588
19332
27492
31033
6346
27290
147
1438
9738
26830
23640
5741
4484
11755
21155
19942
23114
19273
17338
3656
4204
11333
23260
19943
10434
10990
8228
29055
15845
23809
25009
8392
25215
11544
14340
18762
26821
5150
10665
17267
17217
1798
12826
19943
25301
27836
12256
21271
13821
12380
32251
11541
11604
17315
15492
23463
26970
9635
3217
24730
30068
16826
17241
13912
13364
15044
22681
5309
24795
30352
5174
30759
18972
32145
16163
7884
10787
726
23429
28753
16342
10300
10261
920
3419
21219
29382
14041
24538
9182
32425
3572
1156
26927
269
19205
20180
6898
31210
30009
21524
14552
27520
16865
36
7127
13627
5061
26487
4128
5594
1211
31326
19282
6352
11640
32137
4845
29418
8101
27594
9993
4659
17974
9501
17736
25877
8183
3814
22537
7360
2151
2425
9694
28368
714
24287
5441
6697
15226
3800
22658
13094
13182
7196
5636
31476
19037
16102
24745
17976
6708
8371
5259
14072
23047
1351
27629
19896
14933
1266
24689
5603
28655
15377
11403
29037
24842
5079
309
18359
10386
2126
17380
7091
25537
3992
26811
19784
32241
1659
15615
2552
28334
17949
13772
12480
7696
18187
5894
11583
25415
30080
1681
3611
20856
6885
24517
23201
18120
148
23324
27563
29110
12257
24110
19399
16557
29531
2016
25237
28633
32079
19672
28529
10555
22414
14388
5970
27384
112
9339
2546
10231
22809
211
560
22186
18683
30325
9650
25132
15004
607
1998
12685
21914
22344
21419
14698
6636
7129
24995
19392
16490
22810
15340
6657
1168
11563
22136
7528
15231
5684
32281
22922
23620
27038
17129
11567
23901
19332
25065
9567
2937
14948
29160
1728
15744
795
22439
287
2515
12560
17722
16716
24789
20143
18609
21803
12458
2585
11768
5640
30271
4633
14332
3371
24458
16219
29967
1708
25363
24024
12942
18057
28851
10901
21441
5110
8091
22925
4098
3828
32153
14315
23586
1061
25495
15997
776
13023
29541
10342
12699
14719
8888
25107
31203
7168
30578
25712
4458
6348
22819
20571
20201
16337
7120
24153
11040
32728
10228
30343
18694
7698
25541
1236
18722
19444
16824
23918
27705
20293
6215
17786
18729
28790
9970
29704
6677
9009
27780
8006
25794
7476
12951
27123
577
20320
29274
17687
18895
29965
30354
6642
25337
11681
24287
20530
772
21601
26689
1129
6539
2695
7898
701
12394
10132
23798
23010
731
999
15176
6725
4063
20879
22134
5514
11232
30558
3545
12857
21908
8766
8062
10164
21028
200
17776
13933
21646
23827
14393
12373
13384
2250
15014
26008
30502
20354
4811
18823
12925
25418
5191
25557
1929
30595
8137
25095
16140
32242
15315
23846
18488
14867
10942
10167
7887
7856
8703
14317
23689
10675
1704
540
31158
12857
21298
22385
292
23783
2681
7393
15171
10881
23560
28255
5255
21688
23959
594
17166
27972
32210
24902
28547
29491
5212
17889
25922
21121
13076
14617
3516
488
7319
16037
15133
13049
1030
9649
1581
18540
31241
20950
17268
1717
11027
4169
21410
13016
21224
19795
21294
4989
2397
15873
27964
2119
19551
21020
21956
11106
27447
603
12017
12635
14092
20184
24007
31541
7338
449
4617
3769
2946
2640
1370
26893
19953
1021
13730
24456
14021
15858
7859
709
18429
22207
14125
14326
14032
16463
13470
31867
28913
16410
23278
1972
1810
16285
23291
16147
8359
263
1152
12405
23788
3126
20283
1714
17705
26593
32591
11378
13364
29463
26855
4419
22328
29416
5916
17641
11190
10338
23065
23797
7881
703
124
22682
12718
16860
16384
30395
18307
7405
4441
12872
79
16752
864
22731
17731
15967
18800
28478
27200
12202
2320
22816
2201
15844
10962
30152
30489
17980
12923
10232
840
16048
25187
31669
20458
10877
11807
24150
31945
13018
16478
7388
31668
14309
6161
7297
14024
28126
207
404
27630
23187
27255
14467
24997
18203
25623
5434
22786
31175
15884
31915
24820
19542
5995
19630
28365
29288
23200
30220
24574
1078
27989
31958
18722
8575
6038
21244
13887
16582
26162
16666
16456
32442
3172
20885
7142
502
2226
29159
1399
18154
4374
15927
11864
26649
2652
11053
3935
13958
3787
516
17580
13928
18439
25313
22178
21541
8246
16739
5168
25982
3682
3963
25173
19207
542
2686
9443
17883
12909
24184
9347
21901
21471
5060
5625
12898
31229
31449
9897
14269
10215
2663
12890
21210
21564
25507
1595
18879
25658
28894
21795
28272
25127
21085
16669
4707
29423
3429
7716
20019
20238
12693
21035
29080
17072
26745
30305
12183
30999
9051
7602
23286
5950
23388
25745
18163
27068
6084
11765
8246
10730
11927
12705
20995
7752
29545
16297
19380
6685
18546
23858
14951
8286
17893
7801
2804
11729
27518
25111
18466
28274
4186
20867
10522
25110
1292
19160
25627
13390
7149
6104
6512
19342
2995
5681
27295
21391
24646
13568
4580
18161
28111
27540
3549
15397
31249
3444
13703
31114
4092
8099
18537
5334
12671
4898
20239
8632
23455
2231
24506
13244
4294
493
6998
14190
23901
9052
30380
26306
2716
27690
9177
23731
29601
1746
12287
3115
12480
5924
10554
7715
3355
10638
24790
31499
31346
10137
7615
876
30524
30134
21304
15308
6902
7739
12240
28626
15547
11689
6290
4266
26645
9264
25725
21163
5139
8309
27700
20023
20635
10130
16886
10211
24066
11870
9679
984
25306
18416
2576
18554
13323
7518
15358
29767
25382
4810
1223
2817
1781
15776
22202
24079
29271
4121
23222
13345
19786
24068
29155
5139
17482
7877
32673
14100
16858
4254
4030
26119
26208
8493
11500
17961
12853
16182
31602
22772
5629
31139
27681
13124
23860
4041
7050
12217
9994
22253
12654
8284
24945
6407
21622
17285
31348
20677
1572
32764
15306
26323
31498
11358
1195
21594
17210
26050
21986
20167
22269
14749
25636
24781
23496
9955
9376
5293
13675
14959
2007
5045
14220
19109
22190
24326
2900
5718
26049
1435
7528
19171
4859
31623
10267
13734
16740
30334
11746
9357
18233
29591
30728
14856
578
19024
28066
14374
1632
28883
22214
1787
6758
21880
24568
31300
30505
29066
29157
6734
31963
31054
12628
29715
21140
19777
15193
13478
9266
4258
29131
5074
29283
2352
27641
20990
10496
11317
24473
19796
28573
31939
5633
29219
26718
7998
16794
2689
20748
17946
18321
12596
14951
23526
20943
27603
18878
3722
15660
12328
14526
8141
14303
22745
1928
7962
9273
19783
5382
28803
5012
24759
4478
17670
28038
11440
32615
26639
5978
27299
13948
1599
12224
4306
7440
20844
12995
13930
2977
9705
6652
754
3759
5383
19717
11497
31438
30939
30257
19371
1787
30018
3962
149
24876
2595
15291
15209
28971
6900
16416
7668
15779
3968
12762
17134
10107
29159
11287
27681
28516
11750
8753
23502
14766
21848
8741
23884
1120
3581
6984
16626
17287
3195
32053
20279
6094
16546
17162
30488
21327
5876
16084
15290
16553
29541
14663
9553
24659
18783
14771
14656
4144
29961
2611
15746
20835
14793
19496
19272
8292
2568
12517
29923
4947
31797
10924
741
12941
4364
10714
3203
16254
12056
14942
28478
23990
30582
5487
27075
21054
22493
31615
24079
19756
32219
27242
32470
29045
3937
1012
27686
3843
19586
14450
840
17159
32376
2503
26087
29329
22504
31378
31859
21342
10855
32166
30664
30448
5436
31163
5643
3044
4455
13667
11989
18817
32483
16191
19092
14733
5929
9842
18734
21604
26869
5974
23527
9035
16716
12398
22148
23809
9662
9116
7088
12439
17385
30612
10400
12930
31294
32145
1011
8175
24072
20295
5084
27734
25257
26904
8066
19794
1575
13450
32679
14512
9960
5881
17032
2245
26298
22665
18181
15109
16151
30559
4866
31954
10918
15121
26893
31378
2052
7258
24897
9476
6597
21779
2410
24788
18358
11358
20586
21613
1381
21285
16603
18446
484
25795
20213
19488
1225
24576
15794
6599
7289
11331
24369
25015
423
32515
13400
32073
21527
13695
12222
13773
5288
30383
8136
5666
145
12666
1042
31365
12779
19241
21008
21159
10608
4636
27893
18946
9602
18619
21715
19052
27247
23728
20740
3309
24563
7764
6602
11470
10238
3174
17714
28914
4792
2051
31550
16234
5058
1234
13634
28483
7359
2432
3215
27810
276
5228
23631
25364
18155
14499
15024
25119
2430
1806
3397
12317
20626
6122
15529
16202
321
18553
19301
31003
19453
247
21523
21457
15314
5840
12996
26191
19179
7952
23968
28200
8280
17691
12492
31741
23311
31134
12689
14854
3632
3525
3258
238
21133
3759
21565
12004
4457
29983
16414
29935
27776
32116
30353
3713
26440
15323
8031
5968
13687
16579
18058
29537
21189
24977
21044
32101
18419
31125
4029
28489
16652
14141
7212
14601
22763
18825
11216
14789
15869
447
29991
3862
5192
15712
17150
28322
14508
11354
29146
15854
18793
18303
23703
23668
6114
2870
31823
21494
26529
19057
16253
25361
7834
11743
23650
5653
19124
13154
8872
25108
8325
16835
4166
30265
22365
9381
11683
14171
1671
1207
29950
6610
26571
12334
18701
19850
9015
18291
16100
28758
2080
8728
16153
14982
22371
17
16934
22971
752
23329
11278
28154
1674
27794
2884
23808
15816
15145
16072
28629
23392
17753
18323
28324
26020
7095
18741
11978
23629
32686
32189
18221
27512
23156
8409
24271
20462
8252
5694
18851
20648
29614
20298
26527
29075
7572
13288
31250
17296
11478
4789
25400
30143
21160
23649
1035
3069
20226
11863
11357
24235
336
28832
20772
18354
29036
2820
32021
8387
25801
30067
12148
30436
21489
10148
7466
5928
21553
11260
2072
22717
18834
22961
8363
18476
29964
31279
9648
6109
13047
23995
13930
31194
32194
9046
2786
18132
2279
14308
1663
5739
2078
20621
22742
11434
30418
25700
8387
24785
29649
26950
17849
24920
1351
22533
31574
31024
22765
15302
9019
14924
21630
20648
282
12640
2667
30119
29968
1769
26319
30143
12342
12653
10405
27732
6003
7428
31545
18641
18580
27671
17372
13712
30110
13672
30684
26106
2658
25426
3763
4079
20563
6227
25727
5224
1173
15559
8370
7002
5206
6646
29963
9950
29537
9809
18629
24976
16624
26361
9230
11316
11970
2689
28602
11936
24174
8437
23865
28630
10487
5403
2758
14704
1184
19192
14306
19009
32002
1942
7681
7225
29019
1541
16771
16777
3369
23968
20197
7432
12024
7569
22585
31189
12664
16792
1747
17982
19154
25608
5446
30177
30268
20754
9615
20241
7116
24389
18319
10108
27273
12630
17343
21514
6344
17693
32287
20488
32438
29665
1391
24453
16177
18389
8866
12540
29404
19170
31888
16948
2418
12967
9195
3173
21850
3519
7028
15260
30076
22082
12398
30048
4436
3470
14163
29334
6980
17735
199
28834
3375
14748
6858
15823
21315
24780
12849
25841
22806
5097
10327
15433
27893
13533
12560
23464
28025
30122
3294
15831
30042
9462
13160
4407
31112
9158
551
31653
3448
26762
17251
21920
16828
13146
8542
8366
20695
22399
22991
15611
3663
15925
17809
8772
19460
1711
2205
8179
10687
26460
32310
26764
782
13417
13667
27719
28496
12167
4514
18175
2060
1262
25563
17738
27015
6561
3987
17642
8597
3828
4194
29796
175
8012
29607
13806
326
14375
6778
10638
14679
30044
22498
8833
2624
24995
16200
3034
722
8279
14124
107
10151
25723
9239
6632
5557
22780
16337
15178
13092
24117
28883
23154
25181
16568
13823
3343
27492
19788
31375
23745
3943
26162
26188
9855
31383
32173
32256
2358
2102
6593
10285
10162
3313
17722
27135
16834
7025
4592
28800
26775
30509
4170
14859
21102
10626
24577
29699
4463
27909
15910
24772
12756
25368
13415
23002
845
18363
19854
17010
4515
6053
29514
32269
4252
23700
22834
16252
16160
5089
6407
17416
1433
25431
25657
20209
21408
4165
28333
31002
213
27858
30398
10498
13582
12177
3714
18166
7093
26965
2638
389
26219
3399
14460
13877
25329
16181
18027
21108
10313
23597
30408
16593
7960
29003
3340
13932
26959
5327
4678
29867
27914
21874
22299
21295
1721
13307
22283
9735
9853
23309
24822
21539
23765
2371
10462
12811
6777
24959
9966
29905
10118
5502
26555
20803
5596
7856
12747
7014
12996
31047
9300
31264
15319
5518
13125
821
23323
29565
9354
21365
11886
7306
29324
30515
24104
28609
14328
14072
1788
29719
2242
7289
31519
9468
23657
17351
7852
27951
28028
19654
25416
17366
12893
224
9986
8142
21317
250
31356
13632
16776
4007
4688
12661
21531
19356
26541
26859
3411
28261
19521
11176
28143
25430
30044
13262
31065
19139
16978
25200
20265
15732
16929
16036
32235
25683
15443
27353
29474
14440
16678
1131
11405
32519
1259
8565
3752
22088
2732
24807
1142
26040
25105
16600
19582
1870
31876
12061
5907
31905
23956
2074
23001
1111
10903
30680
31877
25569
23956
29016
17124
14694
8032
12327
6175
10748
3334
30771
7997
16414
27756
2013
11497
3675
5172
28751
3702
27211
2785
18448
16928
21447
8507
27605
1173
23641
3060
16795
22452
8946
16523
12786
26260
14299
6513
19356
27336
31982
1387
17750
30433
22022
17975
20982
18997
15796
626
31414
4575
4660
11961
29648
15111
11935
4623
8011
14948
9313
27006
12820
27902
10478
28417
12112
30265
2993
18338
11761
16143
18501
7392
7303
31389
2280
25939
30553
21473
11565
8339
9397
10434
10481
2645
27524
30288
20367
2263
14369
23118
24408
23167
9068
19950
24893
18111
28698
32219
12495
22075
29263
25468
16490
22062
5486
888
28076
11017
29744
30069
31276
13918
14067
6438
31849
21501
11349
7300
23809
12893
20482
14171
13348
2621
13258
16393
6983
31114
32503
32130
18205
1412
30685
23192
32195
2077
19378
24186
15675
3233
2208
3706
9755
24476
32281
7443
32390
22009
30571
2602
24924
3943
1172
6292
28078
14337
17751
15577
2677
3373
27279
26935
4739
10692
25028
23274
31929
23924
24316
19627
21627
4963
14547
12919
5729
3093
19150
25233
17711
28304
20973
20426
19208
29886
30591
14592
31454
14098
32314
29157
17965
23406
17803
10497
31465
11077
5931
20219
7605
21757
29427
788
13397
23703
19697
10484
5222
32657
29115
2985
2636
4107
1283
12781
27757
2858
20076
18343
28317
28346
18588
16565
18904
4631
9875
6377
3127
1613
17211
21841
9501
16766
12096
10940
433
6532
20769
28025
19858
20952
19336
11874
11206
16562
7639
10522
31731
20338
13059
26514
32721
23103
21157
16082
29919
13038
10318
2294
30293
19237
21787
16502
15194
18880
16266
24747
1400
3955
5516
12175
21325
28337
13532
21701
11139
6861
28046
25049
5122
4704
21227
12232
2403
2282
3708
13763
2728
5052
26981
15664
3371
7701
32757
5874
27861
26763
21370
13802
11408
6060
11866
21181
6911
5606
3679
31960
12140
19620
2387
15538
13058
30906
24525
11089
2620
7683
12874
8976
12957
24136
3199
28063
18594
14180
15086
4939
10741
27814
7864
12160
2019
8055
29618
28300
32272
23357
15546
6309
361
6271
19020
20014
15195
31561
3920
22838
9538
20690
14390
14402
30757
4188
14405
17996
17568
25436
16688
9227
18209
30939
22763
18037
19544
10268
444
20099
14824
9855
10389
3636
3939
21669
19873
24276
29557
26325
6941
11390
8543
27806
24169
23264
19111
31678
5983
26430
16654
579
4579
27577
31939
1008
15803
26578
21206
18146
14498
29226
28655
13172
16023
14219
27456
27487
29819
27436
1464
23590
16603
3121
27002
20657
9995
9330
32141
17975
22644
25725
8661
2146
28718
16606
26434
22702
3282
29854
6215
9491
15497
3337
9614
4579
28521
25268
19178
23285
25602
9151
141
20483
16947
21336
3195
28753
22595
25216
18494
27023
11820
17938
28379
32257
25402
11777
1798
5597
2517
16865
15762
32757
30107
1705
17451
9621
12211
20919
2119
13743
1373
27924
22106
2869
25805
20730
15689
21191
31801
5779
17954
13198
20273
2052
21514
32616
13871
29098
16503
11845
31855
6307
1951
10449
4096
31377
6448
9811
30748
15002
8513
8660
1461
24500
23944
10885
29264
18463
21198
4955
24854
30258
30369
17916
30248
6747
8521
15582
30772
32354
23549
26797
12358
13805
24406
1262
31712
14409
22019
8163
17740
18279
14271
22958
22065
18469
20608
7864
14437
28623
18417
24916
6402
27366
15651
5792
25020
24864
19071
31404
31857
31407
1536
24543
29954
19142
20895
3478
28002
17242
4110
29197
6124
5670
4520
11139
11258
9969
19881
11417
2227
29459
15258
32764
31268
4662
24848
28483
21651
13402
26518
4379
23055
16668
20200
673
7756
31799
3938
20495
23726
21323
16567
20635
29860
14557
6374
31132
55
12447
22378
27887
14563
28914
28849
18073
7845
15786
3536
28077
5461
24593
13429
27761
27702
24622
11037
5052
972
25415
28039
28066
1517
21412
17768
17235
25627
13718
23392
14913
4113
19896
21549
19585
8860
31861
19999
8308
25772
29386
21195
934
28331
9293
4356
3318
21005
6767
29447
10744
297
3326
25846
7063
26951
25582
24456
9727
29434
1624
2814
30650
23728
6851
3673
3096
9095
7331
24266
3285
28258
27423
9066
30454
12093
13591
299
1780
28349
26214
25358
12316
30219
31332
4759
9014
19171
22447
13439
10341
12776
6444
32168
20558
11067
26696
13398
16508
7499
19588
20891
7939
8687
5168
22291
24932
10674
14966
11474
689
26989
28315
7067
25842
17948
8322
14162
25030
13034
13938
19892
20046
13710
20504
11590
30278
1242
15056
22667
21109
30097
31520
31098
32328
10618
3973
10543
12474
13490
20595
24545
15478
11590
4503
8468
23360
22785
26719
14352
18577
28035
15292
6289
28545
5779
295
14272
12266
14007
19170
29026
32459
5633
2944
19792
26090
29483
12967
14631
9918
10983
1813
2624
1163
26992
25057
23523
31183
6757
12035
7607
23773
2775
22295
26237
14280
29089
30302
24318
22402
20983
1286
22850
22085
27714
21675
26627
9522
12587
1821
2657
22841
27382
25188
16344
16184
4370
9729
6254
31591
31214
17783
5425
14323
24334
11274
27872
9961
26461
28103
2281
23382
11205
2500
20115
15789
27133
8617
2173
8040
22946
19055
1095
12786
22410
23144
14479
25797
23381
22656
1823
28367
27460
28866
28516
1819
591
4638
17699
4269
7281
6505
16231
15790
23879
11685
29630
28105
1241
12675
4516
19412
9912
28198
29248
28339
22345
23338
20558
377
17248
10213
15453
14033
26128
27116
8506
2973
20674
5337
27820
7388
14725
8012
12385
5329
17317
31024
20265
29538
13951
14144
2658
13758
5779
6089
947
8514
21723
17585
1790
13726
2140
30392
12431
2611
26106
24062
17306
6848
27280
29638
17636
18238
27456
6521
11712
2824
8
10478
19261
12095
31894
23016
7582
31853
27486
8416
19466
12136
16105
27397
133
13690
11632
23426
16415
29630
27305
28159
4971
7629
13281
8810
4915
24474
25163
5623
11626
24219
30616
11621
13922
22058
22727
13444
6720
21290
11071
5876
17068
21229
2075
5679
1229
18773
31173
8393
11124
21050
30662
12023
29079
4620
21724
18511
258
2490
21325
5838
18761
25042
21372
11039
17153
28905
20666
22042
29487
317
8286
15244
17153
6553
10008
566
32700
19833
30850
17688
5878
22639
5368
10735
25349
2245
14762
16636
7095
15716
30447
4615
16196
31476
221
31396
1920
23621
28182
16821
16213
25070
22756
1072
3185
25908
5769
24354
316
12845
30928
31476
2829
3365
19944
23533
4253
10048
4722
7161
21692
18017
2521
29097
28994
9291
12514
10362
32329
18694
16004
28250
14745
25733
9977
6760
16996
27525
21781
20732
15668
31672
3543
10471
29729
19235
12862
13820
18247
9924
21341
7375
375
17529
19634
5052
25901
27677
22708
29995
1474
15348
21419
18195
16611
3145
8388
23485
27714
13909
25957
28619
2955
16995
3774
27000
8858
16690
21921
7457
30699
21659
13459
15109
23378
11123
1059
19017
17644
29875
12666
21823
24661
3542
17204
10983
22555
28803
8302
22966
30067
9068
20000
18327
26667
12918
5806
2864
19168
29210
20409
27238
14193
4619
12859
8739
32691
17177
30931
23382
24167
29781
14429
28988
13417
27510
9926
27871
9770
15483
17438
23004
11615
25746
6639
22632
29435
3129
1230
4245
1371
13475
15407
27346
16065
21597
3198
12721
28676
10033
30571
238
9094
13643
11909
9644
3173
21914
7178
21505
30198
12153
28157
21941
18287
32655
22394
5703
28643
9203
31815
12337
20084
13204
15019
24429
27332
9433
18307
32056
4524
18308
20626
26902
10801
5596
6425
790
22195
8459
17575
6999
13928
7365
17459
31435
23305
20010
6504
26939
18123
25070
25664
21644
1681
28087
28372
32064
15456
8390
11123
19520
11795
26586
22769
13784
11344
2129
16705
19971
26042
30353
17990
29161
31336
27558
12519
10918
25495
32300
30306
11597
923
17008
26594
7212
29212
13778
83
27986
22654
31086
17525
6735
29345
8187
26927
32059
1995
4850
13351
32506
28642
21235
19087
31421
30943
5990
25154
31436
16511
4446
2319
12932
22075
21954
30292
22939
14715
12974
6863
19628
2055
29719
25266
5871
28862
23470
24053
18759
16010
20487
17136
17027
3987
1787
32553
19677
3251
12107
19051
13511
13611
23941
28696
15592
4756
16428
17087
4961
26904
24339
28145
11348
14305
27146
6737
9639
7634
23228
6123
6149
30325
28120
711
31014
17205
14191
5565
29521
13518
22174
8074
22047
26881
3180
20004
1153
12428
14837
17483
1028
29017
2505
11617
4436
30966
18575
17275
24063
21317
12526
31672
23420
31093
11949
19666
14188
27952
23832
17394
27935
5142
17574
23497
4186
26475
7130
18908
13656
19468
3943
13855
6670
9896
21911
4294
29876
44
4333
31320
2944
20095
17930
29189
31157
13680
26829
15929
17884
21485
17598
17265
11601
29045
17581
15694
18690
8143
23958
3559
28532
9469
8392
5988
30727
16748
14662
21449
17274
9837
22638
7951
11697
12521
21976
26489
19638
15439
1665
14373
8447
8658
3881
20962
6895
14290
13817
17985
6558
26007
30569
18671
18141
8005
25185
11073
29813
24076
32670
13841
24240
26784
18520
21961
30747
32745
28706
19645
8841
17403
1553
24510
31067
25928
12576
12523
4351
30228
3027
15563
20407
28714
25371
11673
17308
17102
23674
30943
6626
31986
18279
31559
7005
26541
7668
1709
21060
9448
30894
5752
15670
9819
31173
7723
13178
4280
29549
9783
24203
24357
19843
11028
27860
23280
28276
29327
25016
15230
11099
19302
9941
645
873
27410
17034
26747
10890
24036
22454
27983
10053
15699
21187
24918
2020
8341
26596
31368
29398
31596
18074
18924
5713
24387
9853
9553
15164
21113
4409
22847
32587
12797
3543
14125
31340
20763
4414
21492
21346
19349
22521
2692
1967
15862
3386
5846
27320
22563
25375
23842
8228
32307
53
12625
5509
27520
26171
12981
16186
3070
13864
4088
7316
32716
30063
18258
18231
32009
14465
14079
4547
1001
22163
4593
31156
6408
2722
3266
28807
31230
9653
22252
16415
51
13923
13372
3686
9717
18836
19076
17463
25031
10380
30609
23420
19452
14373
17244
22675
17029
23899
17028
29431
32520
2830
31996
12572
21298
23812
11521
31642
32589
25646
27216
27534
22293
2092
5525
22589
10439
8722
6182
26619
6780
13421
19441
10316
29109
25729
8116
29000
31031
6357
19308
6212
31001
24818
10511
13742
29979
2663
1405
569
9529
1808
32180
3898
23680
2200
15428
24146
21025
30013
11012
7246
196
6611
27906
843
4126
15628
13504
10270
31942
30710
19101
14067
29252
30661
22417
25395
2923
3283
18461
3756
27882
10981
23426
27628
28189
16048
13106
8173
17449
31900
30340
9976
25415
3271
24235
195
2656
14413
16105
26589
11483
31687
23808
6219
11955
8977
11754
26996
9932
21073
19145
16186
7047
8244
12833
5738
28052
9595
10565
12374
25863
9655
21007
8640
5294
13648
18644
18682
1954
204
24215
28492
27933
6478
17277
6550
13963
27229
13697
19510
23524
15591
1897
17964
14904
27526
5113
30588
16524
11265
29030
14036
24292
4630
30990
31343
27553
12151
30565
6201
29453
29970
6195
20788
9525
14741
25341
11290
22007
2354
23488
25412
17243
8864
7142
27082
5671
17762
30578
19436
20653
13643
638
28337
8168
5954
2791
29389
17095
2883
23111
16072
31689
10150
21539
29789
16586
14756
17510
21793
7453
28439
29198
23141
31194
19841
18982
1116
16505
6736
14068
9345
2976
6240
30579
10035
23098
16066
2820
8354
30921
19644
1376
8431
5373
24336
24273
5007
12165
27265
5282
11761
24613
16276
11731
12640
8201
31636
30738
1066
3673
2776
4327
26114
25357
8265
3887
17315
1027
17950
24779
28086
28750
27626
12441
14070
30162
5593
26787
15762
25870
4406
9367
25554
14136
21041
10360
15358
23183
24288
12178
27516
6381
27523
10163
18744
19611
3084
11416
15177
22378
7903
22438
6097
4095
21718
14299
3364
6511
31368
1539
21805
22796
26315
26927
14350
32382
12919
24419
8711
21013
7533
7823
20633
15709
17624
448
23275
16883
3763
22168
6508
21144
28300
7932
12474
17028
26503
6924
17347
16124
28581
12120
4394
1831
6214
31568
32748
22046
8173
13309
24387
13122
20804
5871
24010
7378
21344
2423
31714
16573
20293
14358
32085
14260
3757
18996
7738
30340
30725
32277
3865
27043
3001
16650
31823
28424
18097
6116
9395
8768
3612
27566
17273
11967
2156
3740
20823
7284
1953
3390
24807
19104
26827
8185
6733
3303
3274
20664
6681
7848
20057
10463
14191
24714
6475
31617
30053
5207
1811
8146
9132
2830
9354
12255
29299
31027
17645
8060
32136
25962
1573
16254
4800
25924
27212
299
14234
7257
10860
3567
12831
12695
9866
1873
6412
11993
5859
804
12083
32443
25205
6146
3615
31917
16065
3574
25591
19271
31952
1913
18596
25821
10100
13984
28214
6738
22224
29331
12420
29745
23834
16705
18451
10745
12448
10578
9274
9145
14089
24669
12419
14813
21982
10588
2387
10056
27721
30557
25550
24995
6684
10362
11509
19444
30740
27914
9233
30578
9568
12057
29781
26264
20061
3606
4543
1656
4260
17100
23871
21074
24646
32660
21531
21861
21078
8392
20114
32517
28840
16762
4544
31982
31449
2150
14529
4056
14479
16678
14617
3659
16642
5541
1619
2485
23484
31702
6377
18874
24221
11174
23652
4555
11553
12591
18628
25850
15590
28462
11042
15372
17256
9655
24980
25040
28943
20775
3665
27056
23917
30043
1558
29830
2240
10527
32200
14257
5823
30185
15194
31335
9875
24520
19953
32076
27683
10647
4422
68
28308
10614
76
23174
4112
16763
6932
22771
17095
20644
25581
22181
3892
12304
14287
17354
20386
4207
1530
3763
17646
19384
10970
9000
26766
32538
29230
29695
8146
308
1129
17133
13418
2184
17240
6811
13865
5677
23046
12028
10761
30917
989
6111
10862
31663
20237
6592
23727
5758
24114
28900
24530
12457
27953
21157
6295
19843
7522
6410
32441
13422
19701
19610
20336
26956
32142
114
18746
2359
3635
13462
21723
24434
19560
12933
16290
18079
8344
6160
27375
10802
22967
1131
5362
15397
23590
7045
7861
13038
14295
21397
29533
9134
27057
16629
29869
19627
19510
21556
4299
25600
31587
15975
25927
16019
12247
28607
4953
25416
21816
25697
10602
24180
24531
13169
17878
27029
9602
5232
22257
15168
15827
20169
7240
4954
11622
18342
19753
22411
24727
8712
2149
21488
14685
9495
29012
29712
13426
23735
7706
2066
27061
10331
15145
27181
27596
11294
2055
6239
19213
22544
4434
5730
16287
31181
19457
11228
16092
3157
30188
21206
32762
14871
24463
27247
13291
17743
778
465
29825
19090
3181
20325
11990
4519
14131
10307
3307
24729
9484
3053
8847
1290
4576
6204
24963
1994
2320
31130
6363
16041
32767
11122
935
12425
31185
7397
10963
32695
6258
3519
7756
20091
16090
14249
18788
20973
10384
6048
26232
1803
6765
27557
21968
15881
4259
14518
23494
28648
3582
27902
2603
4682
28777
29257
22758
23941
28339
17594
12766
14582
9107
25024
29723
16792
18922
9030
12840
7892
3657
23338
12219
6555
6579
17137
25239
10675
14756
5049
31410
27982
18769
23150
13715
16097
16434
23617
255
23859
2494
8022
12500
22965
2678
27581
19509
16657
30244
22692
13799
12805
23397
14795
13307
22130
2149
312
6830
29360
11498
26923
7821
32549
23956
31316
4573
22
23651
16964
4409
4028
19065
20002
25469
20123
10017
15775
4323
11791
16401
555
30060
18728
30444
7786
21122
16311
11
31201
9179
18345
32381
7414
15264
26772
8524
26903
27087
5520
9730
8505
13022
6472
25708
22148
22945
2129
18334
3404
16493
11706
22583
11844
25982
9700
15335
6126
32406
7059
20014
25686
30695
23366
13926
14080
23091
12484
7939
10015
23602
17144
29210
6663
9012
25086
16160
8677
30471
31614
11765
13486
27931
10553
8992
20309
20196
3553
31069
22849
16256
29742
29781
23550
25754
25646
20652
25395
5774
8925
5440
6356
23501
20469
2480
29080
13188
5639
30236
32174
29560
8395
4140
12716
15668
19893
14676
15304
20071
19144
29270
14666
12424
6063
10248
24641
3003
7434
15703
29045
8440
19974
30348
1694
12138
2096
10702
4307
18709
9611
22760
6981
23228
29919
6221
9773
27394
3157
26457
11779
21711
10817
24026
13041
245
6207
21199
21639
25364
17537
24688
21936
15803
1383
26990
7397
29135
15184
891
1184
23857
17585
27405
4116
3227
30820
25695
22555
17611
6722
11705
17520
9956
32243
26354
25886
29713
19461
4659
56
13419
7484
4605
10187
17693
24617
18542
27665
4549
15614
15296
32231
32030
27553
25618
21889
15581
12287
1643
12637
11480
28835
16636
373
23917
7047
11429
4793
24866
19754
14267
3772
7561
28130
7689
9134
9063
14708
8724
26762
21012
25826
27556
20880
18981
22148
12159
18678
29513
9306
1144
16347
6513
19617
2472
19324
25908
23716
16892
8874
13169
31189
18672
3964
4150
284
17561
10561
22752
12399
14569
27320
18820
3747
8239
30852
31118
1410
27869
11226
2984
25117
22670
13693
5342
12132
9287
27884
32511
7923
11773
8153
27206
29743
32600
30174
21049
9618
14775
15468
31186
10307
884
12036
25309
6634
23145
4009
21665
15554
28595
9109
13762
31216
28853
26667
15718
24083
24928
5165
16279
17436
27570
14639
6377
8800
18557
6475
32092
11755
9578
1303
11907
18455
11325
21972
23782
27230
3931
22504
14502
1133
16265
14735
30047
121
12022
20941
17746
25046
17788
21415
4036
12742
27171
16786
26273
11919
17895
13612
32613
28880
9147
20266
13116
31508
4557
25489
19048
26536
10252
13866
5860
10410
6120
23343
8775
3683
26968
4171
29418
2007
2338
8642
11341
20889
3159
12267
3767
1764
19740
26855
6685
18664
17584
2701
22597
28770
18091
16548
4652
32111
388
13141
29860
14754
26710
23007
26689
16468
27108
25997
8310
24891
6362
22758
9724
4415
10582
7971
24691
23944
26534
14310
25420
5340
3156
19240
486
6952
4447
14707
28407
7004
27852
31826
27438
2940
21597
27399
18199
14068
28321
14203
15422
17197
5421
14203
24983
25181
3112
20000
16157
10403
21261
2447
17594
14163
29356
18659
10343
12943
27762
32360
28564
13591
12011
25098
10186
13921
13189
10253
4751
5869
10647
4094
18570
18131
21153
24553
6119
15006
29654
8140
8701
8796
215
10572
31790
5878
25538
24487
22543
12734
1643
9194
30409
16967
233
22884
27584
5753
4437
3674
29298
2276
16590
7420
23457
18773
22976
22680
21940
5031
4966
6926
5211
18652
5774
18052
7026
7789
16285
3930
12584
22493
16850
8800
15200
16020
4047
31559
3159
19435
11605
32598
25223
14724
20047
12382
8140
27612
26386
3056
31686
27427
4579
27341
13694
24139
28089
29854
2124
15455
23109
31718
26616
10262
13616
22068
18463
10664
31908
1181
29400
15072
31501
16489
12952
22898
24609
16397
21331
5008
27422
18522
16100
17080
2642
24051
14511
26832
5089
11012
31877
25460
31683
27953
17608
27023
11020
32717
31695
1832
23664
22093
7307
2943
8710
31484
1643
7513
30796
26096
18558
27032
2668
16444
10200
8206
3005
26471
25910
12947
19085
17693
1509
2645
24606
20261
9183
10096
8686
17299
2360
24255
14395
30015
6840
10737
32199
15477
21962
15839
3289
24558
26004
23324
7556
2559
4968
3278
6443
7697
5723
18877
1861
593
1587
11178
14174
12713
30087
12514
19550
10734
30497
15379
3342
2651
4775
18013
7640
30270
27771
30636
1999
4081
9439
6470
12527
8204
12893
5792
10661
15577
15206
118
29586
1544
13113
17946
9612
18596
15878
6413
4325
8006
8275
11980
19440
25225
15776
21740
17858
32189
27206
2921
18230
31712
5285
6460
1332
24778
2430
20267
10290
8871
22430
27877
27898
22442
5821
23630
17070
27648
5541
14104
2570
29699
13207
19091
23018
28337
26858
3526
27916
3164
17141
15806
7446
19874
22319
5158
3803
3744
29077
19480
29658
21091
588
26931
1287
25247
3720
29934
6863
6052
10412
9771
1622
23693
13235
10000
4099
17339
30158
27922
16190
16258
15950
22354
20344
21281
8901
1837
30316
20472
5992
9998
24485
29429
26296
4999
321
30288
19554
6817
11764
27512
14179
17776
2128
29005
30575
24554
15171
6799
22932
13049
7137
6294
30747
9422
6243
32324
16815
13177
6256
12089
31681
32182
12956
20293
17450
19978
23343
17955
22034
23567
28711
11108
5649
14348
18048
11945
10645
5321
7346
20501
7556
25506
5756
32002
24610
30425
9696
25843
4660
7729
1391
6858
29542
29112
10182
22076
28138
16100
16473
27009
1378
19425
18799
16208
11520
25898
11118
29962
18667
26967
26969
25910
24293
18229
30359
13869
14892
8732
6646
16662
1693
4221
495
25877
10015
10427
28204
6848
19263
20540
4679
23507
2072
191
5589
13092
30838
30704
21923
2265
10299
1337
19007
32472
20225
27100
14266
29055
7680
32575
2733
28822
9522
6022
1658
17537
5046
19559
10452
21434
22387
12346
26242
31871
24573
5456
9567
14024
2236
24454
6054
4732
28235
5146
23660
26084
13086
7101
2414
16480
30568
27369
525
30041
2107
1140
16279
21366
2545
2662
28360
23571
8652
20744
1681
3823
25305
10301
15383
7716
538
20245
30719
7773
5603
17824
12521
1859
25733
28928
20282
6200
1578
17858
32287
30024
24064
27759
3535
4188
11930
5213
19216
12977
19859
26827
28668
14985
14964
23597
4613
24865
7383
15813
12599
7394
28109
19827
19645
29659
20606
16846
8359
21103
24079
29811
28906
14923
26825
10398
1448
23964
31351
8183
15538
31358
4623
29102
21580
2743
25749
22473
21296
7077
9533
26301
12757
25205
6352
25404
10480
24726
30800
10831
18748
11373
26335
24484
16502
12875
32477
22057
28588
412
14929
26330
14008
31329
14986
10710
6408
28384
13062
17849
8096
3481
31634
18726
7265
10109
3507
17059
12939
9819
28997
2730
18561
18331
23650
29692
18124
28462
2693
22073
18531
9925
3823
9902
8233
7489
9802
4974
22456
14955
19341
21668
2909
6886
5151
10279
18275
2146
5951
11087
19093
16913
25763
1800
20990
10591
20063
8740
20979
9950
2569
19958
16468
23423
27931
8476
21518
29192
18584
29852
24036
9410
10227
14131
7792
19314
30508
2793
15716
1419
21564
24809
17942
21666
4019
1936
19772
15138
8352
24260
9203
13121
4017
9863
15367
4659
7579
7115
8558
11165
10428
22408
11541
18764
5631
9229
21728
19239
16641
15508
15596
866
14194
11032
28183
8949
17341
14443
21954
19021
2795
8835
29397
4673
16836
3348
21508
8519
15672
24677
19281
8424
25086
2652
31442
10097
14203
21978
7861
27116
8677
19535
14465
19022
1960
21893
32670
5618
26121
2496
15128
2118
6409
27145
26784
26053
23180
29383
21716
17189
15546
15503
2240
19665
9126
7997
12452
8857
557
2884
24567
7080
24098
3394
22189
1719
24488
12248
11190
14977
28638
12216
199
2679
10946
13823
9052
29620
10319
3270
16126
5683
24809
499
1217
20032
12539
27733
27666
556
16351
1777
28847
30789
19966
5782
29175
18693
11832
3512
5988
16778
28294
8827
24150
19014
29661
2829
13586
9720
3414
21561
18186
7387
17037
1593
24159
26653
24902
3020
32420
29074
3671
3977
7397
15274
24002
17267
6375
1441
13857
18125
23474
32757
839
7728
16205
9501
31780
29146
9161
2680
32745
1609
21888
15748
20077
8969
10399
336
8143
23498
28130
52
24414
28597
9375
17855
3509
13056
3590
5361
3626
14016
1447
28330
25450
8959
17205
23651
8029
30479
27017
21276
2640
9245
1769
17045
17746
13833
27275
9409
27614
32374
29525
8568
30907
30237
15335
6764
29217
18534
18395
13150
8477
15673
5707
10898
22582
29969
15764
5504
3409
11091
29786
21964
19154
29407
11213
23160
15364
8420
7978
345
22715
23032
31876
11463
29752
30056
2756
24985
13132
10956
28911
337
11713
15839
679
29843
16117
7310
13813
23004
18888
9039
9797
3184
29624
31668
18610
6036
6987
18752
13700
27134
3502
6265
10999
23946
16283
17470
11583
26414
3455
17755
26568
816
18141
8283
13250
12694
2285
26014
26589
5855
11402
30635
21841
5360
19275
3014
5666
28753
8175
6342
4258
21913
17918
10273
21559
21287
7341
15689
13150
6931
20738
18235
16112
8548
21306
20564
1701
27268
15208
24679
17110
7665
24926
17678
19335
12596
11216
13373
164
16151
23223
32029
1931
24339
20724
15127
459
4360
8502
16174
8491
4401
25117
9107
15599
10326
3488
15731
19542
19523
28588
24852
27239
9338
26637
11296
18157
18213
914
19009
10433
16974
12396
26605
25927
17746
4568
18308
28987
32403
14078
11416
28334
366
14616
4491
23627
18541
1238
23392
18911
10173
21249
32715
13849
17378
5216
20874
31118
24745
21720
26360
25343
7262
22998
20192
26847
27456
32754
1935
5136
26418
7116
27693
2030
18355
25146
3149
19342
5648
7078
8642
14407
29144
9905
6324
12658
31121
3612
24052
2415
11177
13801
26509
14313
21424
25533
11164
17754
22468
9865
31073
4049
31308
24937
26773
19699
25577
32205
21246
27967
2473
2262
3138
17559
17278
16387
19449
7164
9967
20748
32261
4250
31246
20750
27942
25604
21162
12009
31689
8640
13765
9446
24353
15878
19272
28062
4217
4549
31222
16407
26825
22503
32671
22319
6791
4054
22934
2110
32191
26943
4453
11511
25190
7446
16830
25743
23788
22490
26549
28706
16656
6426
21549
11858
16120
11320
20880
31281
22145
7789
20932
29025
5332
22029
14426
25977
20538
12044
5384
31915
22065
16578
25177
17828
16319
12523
7331
17076
24582
14322
17722
12335
281
14959
9699
2579
25358
7150
26763
5354
12628
12018
22329
28146
25159
26169
22594
26236
13570
11074
31420
11922
16756
32269
10036
4828
20151
16930
18596
20933
25500
23764
415
19417
17803
2247
16847
4977
22922
688
20385
8083
7067
29532
6719
9748
8267
15092
26559
24831
21640
383
13209
17211
28595
12456
20831
24679
19446
15041
10152
3081
6360
21257
5966
29672
7182
31530
25305
14774
29844
2566
10810
20466
5117
4019
20157
7693
25096
15044
21305
12236
15987
8907
3209
29677
21780
7196
13888
19981
30757
30931
16281
32713
29920
23320
25773
11556
5708
31905
26601
40
19030
3961
32702
12241
7459
7168
19610
28198
32421
52
27416
425
1644
29742
30324
3569
10687
14319
3905
20374
6124
20061
14942
20301
12508
27017
11302
20564
18922
27699
21479
32273
13557
9360
15253
7414
15796
9291
4032
17063
4426
22985
25540
22879
17435
20145
1600
29328
27101
12204
31177
11465
29682
361
26079
12509
18933
9957
5151
2626
20627
7401
19899
24247
21148
3796
11560
18729
89
10394
14358
23512
31009
18957
21925
3510
4903
32603
29910
5903
21910
25304
30527
367
22752
19454
13316
28353
338
28594
9986
23476
18413
21961
8269
24931
1393
18379
2013
14900
29626
7415
2436
3584
22863
1927
15651
18805
4921
18229
7966
1209
28945
25853
27917
15696
5981
23589
15029
26432
23581
21627
21302
6515
20896
20958
14981
22876
29596
31999
25373
18910
10878
26985
27634
16745
6399
31935
31399
2918
26616
23365
1536
22741
1143
32162
9370
9268
1042
21477
13274
3235
9083
6597
27427
27719
4949
16429
12108
11756
1862
4088
14929
9710
15182
27129
27464
29273
25431
18494
21143
9807
14605
25749
20069
17578
7151
10320
19278
19939
30630
18758
32091
25907
25750
14362
9521
20727
14004
17344
13704
23129
28311
5692
27871
20525
16593
28333
14190
12569
10111
15499
27997
16633
12831
45
16691
3457
1954
5262
29329
9764
20162
18000
6432
2869
28822
23553
7112
6221
26980
29598
10275
28140
7094
22869
15921
7779
22960
15247
9293
8689
6304
24622
22367
22060
727
16147
19284
3234
23480
9700
4043
27841
27150
18700
11537
11508
23715
26115
19792
26383
23822
23247
1539
3053
17612
22219
21933
14935
10386
2215
10699
32040
11746
28080
263
13487
24285
9809
32174
12117
28760
29658
31844
13696
11825
17281
791
3255
483
27303
7217
13830
18265
30812
29202
27556
25600
16420
16061
8659
21536
507
25553
3848
8812
21400
16060
32588
32216
12015
3371
30434
25002
18937
30148
26666
980
7095
2328
197
32129
12917
20179
20986
25070
16204
13110
22616
14203
31466
26824
9885
1794
18326
4680
14295
30055
13422
18661
11465
7024
17907
21170
30864
4055
10184
7508
16519
22430
11191
20733
29543
12451
14837
3999
23475
27252
5799
13401
12627
16740
8356
10038
28286
28639
28029
6422
27614
27130
26299
15340
2031
30542
19559
19242
23977
7943
16592
30842
20062
6712
16776
4271
25317
16498
12720
27899
18424
8852
22901
1122
27099
18404
32475
12654
29502
16735
31674
37
13157
1870
29957
6200
12166
21786
5970
6013
25459
30561
31895
28831
30072
16457
7986
8725
24967
5653
32301
22864
24466
20470
22207
22073
2361
21795
5910
8922
677
12843
28243
29531
10932
6282
7639
16945
5718
31867
28605
31890
23351
17678
30375
21292
28062
17018
31422
790
5525
24244
14324
11015
16202
15425
20877
198
10933
14152
7901
31457
15995
31979
13651
17058
530
11479
21430
575
806
14618
4783
25425
10812
30774
32392
20871
17046
7539
32307
21916
14678
2937
11150
7302
22502
13597
229
32497
32150
124
32696
7403
7303
24646
13503
25057
32201
5981
15660
1226
4288
23199
12592
22690
18892
17663
6080
282
21544
20955
18329
24462
6931
20874
22914
19511
28206
3124
4049
28578
17702
1766
22320
20576
26258
7909
17569
26880
30239
28483
13504
23098
11754
13489
28744
3437
18221
9108
31193
23372
22046
25691
26873
2771
7444
10767
30296
15489
6892
5931
7512
5569
22699
25775
30412
16553
14948
32624
12544
5094
22365
4018
18683
30455
7533
7928
26880
22170
17320
20507
4187
15748
20543
23962
26714
25941
13729
21041
27289
21451
19174
12205
15490
22582
9070
30718
25621
32044
2501
19598
14821
17021
8650
6097
15459
13161
30225
29982
10335
11537
29829
19133
31436
26924
7762
19009
16324
8443
28418
19223
21196
23679
16101
13152
29784
16873
9399
25340
22674
31058
6781
21735
4951
30892
27056
27337
1410
19449
8861
5832
12142
11707
8972
22433
3254
939
28704
15095
23871
5037
26494
23019
32633
1284
2993
1004
16353
450
28622
3024
16843
3203
1619
27428
25950
24155
22357
12225
20192
24845
25051
26528
29492
6526
11397
32496
19872
5737
18801
17509
8916
14163
20830
2002
29992
24514
6674
1786
3622
27306
11258
7332
16712
29224
15121
26093
19458
16242
9986
20962
30467
30479
18065
20302
23737
21827
567
3281
30995
3790
524
32562
26250
10710
29419
8694
27746
25377
9936
9778
16941
29575
5252
925
11410
18855
31357
8169
22348
3034
10495
84
4213
30309
14216
14714
18693
27123
10603
4461
32406
15938
17851
2055
29290
11548
9834
14719
20910
27017
17074
20283
13056
14147
30900
29413
3376
5738
23136
30657
2883
22393
16788
11838
25022
11129
28552
5579
2337
1140
15209
24811
433
23085
5188
32652
1146
9998
23078
9109
17813
12642
21122
29630
11175
29892
15314
24740
8362
16343
17537
20509
24560
23096
26889
4808
25956
18097
32089
22505
25108
30128
25977
4980
23020
31735
16752
2664
20164
8596
4198
31070
7326
23828
3846
2402
27432
3828
21798
1793
22665
4440
30378
4003
16729
28671
11173
10524
18929
23671
17346
30589
3302
12941
26851
1328
4816
8456
29959
20804
30544
19095
24433
6149
24401
29447
1287
2512
9357
3257
20472
25637
23123
14932
673
8446
3976
6327
10674
12383
29165
25906
31116
28719
13983
21493
6894
22086
27620
10952
10961
199
6180
29693
29072
8368
18998
23971
5452
29359
32478
6397
19343
14904
32659
20019
20015
29396
7813
30790
6006
11196
29662
15689
10623
16806
72
5839
25827
27359
22704
24224
12950
18842
16202
5040
1291
30856
19926
27473
29855
17832
5409
679
31540
3937
21966
17500
4892
30670
13910
22166
15674
25177
6734
9510
12899
28555
32489
23555
17418
27426
189
26102
12317
24676
28362
17302
27690
18612
3768
20087
11206
2147
30304
15519
9775
11720
7822
30777
24368
9875
4869
8078
30533
24414
25540
16688
18176
389
15240
10360
18859
17208
16274
20019
6959
32206
7338
16793
3381
32348
25956
7551
6026
17543
9634
24013
10184
9110
20314
10545
5171
31180
25754
25365
13793
29172
713
6607
28190
829
13103
9496
6926
9032
9400
2240
16276
24192
13044
28576
25203
19114
24163
21199
26803
1980
6640
8473
28487
17139
4539
31404
26604
28704
20251
21781
32084
11587
24036
7019
644
1114
22245
7882
29051
32635
29621
27395
15636
17185
4016
21394
31277
8900
14908
19665
9225
25516
15953
25963
32755
8710
17208
29714
25636
3128
27282
19829
26087
26738
3997
5740
13051
6277
2995
1654
6713
4089
9235
11878
1910
28761
1252
5977
30379
16338
28023
19947
8788
28157
29133
11691
28949
6904
30041
204
26275
21691
17158
18461
7138
16041
26236
16187
587
22374
10911
28932
30353
20713
24921
28752
26244
11986
22682
2268
3637
7933
8349
31879
4187
16471
1900
8385
28149
19440
28070
28736
8497
21586
22656
25844
24461
3858
25866
11838
18236
23716
180
5981
31691
627
2832
12841
30212
19249
17625
6659
2835
364
12341
25356
28391
30819
17975
2453
13787
5911
9640
30167
6550
6565
7943
26596
1327
31954
16846
24542
11413
18408
20215
22119
13103
10433
13503
22872
9663
5665
30634
24758
19340
27721
11463
28642
4800
14280
26933
22287
7183
8853
19174
10489
10649
14171
32419
14549
29970
28436
26448
13443
12576
15577
19058
12043
14852
3064
9710
12103
14717
25672
4883
5853
16873
10425
23259
30065
9390
9263
8046
7192
2008
22673
16104
1295
32516
17436
21340
25517
11132
4350
29721
28822
10147
25376
7212
17970
16788
14403
23078
24925
18694
3662
11551
6752
29811
17382
13050
10784
8569
26432
3051
3990
29824
26419
5943
27007
7069
23186
27963
6229
14518
20920
15024
15485
14055
26212
24877
25794
3877
32200
237
258
16417
28892
20435
27943
32111
3832
25003
10329
23016
11938
17843
3187
29005
16549
7514
6579
21805
6499
4167
10933
16648
25707
16797
9378
22964
30286
10878
30629
31744
28847
32206
926
24216
27802
31033
13595
2856
7959
18295
28292
29380
11262
22478
4501
8584
6924
20185
15633
21883
9015
29833
4789
31929
16447
17257
6507
24274
18054
32038
4033
30061
26913
26702
17049
14385
26159
7000
15394
24549
19817
30949
24327
25813
5371
16709
16870
15480
28819
23869
24323
6737
7863
17927
27710
14355
8283
11931
28482
26888
3763
21037
25088
31923
838
3063
31580
13493
17988
7224
28709
20973
14105
15997
16459
31971
9026
29983
25676
3431
32607
11789
28400
30069
13962
9419
30518
21340
1000
9659
24206
28447
2685
5788
18248
10012
8005
26704
20301
4075
31104
21986
25357
19337
15693
5319
15544
23478
5242
23140
25521
29595
18843
23249
16448
3248
6489
9437
6023
17117
11789
32594
951
15328
31118
11130
15491
7662
24902
12513
17365
22941
28812
5725
19136
19201
1326
11340
25271
30229
10828
19485
20220
25181
5485
12562
2650
22986
31180
20035
21783
3806
9715
17895
24357
28176
8075
26063
25240
7794
12659
19763
16989
30097
8207
8113
296
25245
30691
27027
9390
5322
10848
6481
22805
24821
27901
12886
26792
10891
3722
7431
23504
21415
14017
14338
21823
30842
17439
3747
32367
31216
15346
22733
6219
7056
178
10215
1068
14501
17044
25892
22790
21659
24157
1288
22756
2731
7796
5160
23185
8379
4668
305
31640
16767
28576
18475
11887
8677
13040
25343
30960
5552
28907
9015
30472
22370
3869
22790
30131
1888
22123
27528
14888
9809
5100
17994
18768
3783
15354
16397
17277
12833
17289
24263
10329
7344
9144
7403
5917
1304
15270
5098
24323
27385
1159
12282
29693
2255
19447
20758
7079
7447
26765
32070
26234
20148
7348
2080
18755
12432
7094
21391
27348
10374
25882
3539
31226
15744
27184
4297
8111
4316
12778
18029
24976
1813
28397
13981
2193
25503
15336
8736
24559
23570
29221
20198
24678
26251
20062
27025
7077
18255
22481
8245
31743
8626
15766
23132
11363
4152
7729
12878
15502
2041
28004
5007
21887
2890
27719
8872
4651
28569
26522
21034
20595
15001
12377
18673
3667
23200
657
32166
10076
15949
20083
11143
1636
3949
6054
1131
8060
5407
24290
17408
17954
311
18875
2136
13240
11489
31930
5028
21045
2183
23474
23359
7963
17140
9297
2030
15017
27577
5878
19302
30545
5327
8642
12046
32108
14207
16882
16391
22317
24703
3948
15466
30931
26462
9879
9680
6435
13601
25712
23832
28182
24111
10459
11108
8655
4970
4918
23653
5071
11935
27956
19929
14956
24096
14313
6225
14463
13231
3873
13624
31582
6814
22262
17937
29962
31029
26530
24832
18089
340
11153
1676
28470
29785
25531
9379
21111
24132
1584
19166
11311
3098
27380
29703
17302
16775
15118
2265
29446
29126
21980
6
22519
32710
8361
16255
16173
18821
29825
8943
8496
704
7748
19336
17149
8911
9466
7427
20219
27083
19046
3042
31280
16625
31198
8441
2485
31307
6490
22060
19559
13197
28874
12410
23776
24637
7085
15163
16294
16150
14559
18597
12705
16047
19634
7061
15059
5464
2369
24205
22851
4164
28929
3064
22586
24046
1945
11190
10162
22453
1268
2516
18444
3785
16020
19099
7681
8267
15145
32717
17115
5296
9314
9003
9445
20071
2819
6714
3104
19387
12600
10055
22327
16378
20264
27561
1205
18391
1486
24390
23670
15629
29700
24921
19803
27973
8673
18034
21314
14394
13893
1982
31030
22811
10930
30600
19426
24369
29022
7936
20556
6593
16774
10555
21184
31540
32260
32636
8713
14197
27172
31410
2792
8603
8372
20033
10174
3272
346
4101
22668
13392
2091
404
30493
28446
17272
32452
7042
12884
23531
13678
1215
10034
25299
2673
31172
22585
23229
20473
13983
14736
11844
12545
14831
4262
2346
30230
1692
32537
18343
1886
11717
13527
28672
20442
13562
3459
27228
26088
11436
7450
27348
7436
2785
28630
16841
25839
7724
338
1658
6568
11485
12016
20437
10555
5237
10616
28558
12895
32093
10753
25455
133
30423
28181
28911
2325
3892
16144
7941
19963
15432
2249
574
18786
10267
17268
3854
18111
13793
13511
26211
19730
21292
19548
20608
32361
26977
8023
23049
4261
872
18248
18266
17280
31656
10323
21021
30671
17971
25230
25884
19461
11069
29354
19027
25081
1491
17878
32586
12777
23242
17632
9122
3774
23541
6813
13805
16273
11163
14732
4803
21103
29735
25782
27154
3161
10274
16344
7861
6799
32351
10948
17480
26895
32373
27653
12091
16984
12658
28354
19238
7283
19150
6117
11100
14132
23966
30331
2499
28606
29194
21342
10211
27973
3841
25618
17980
2840
3116
9454
9693
9182
16416
7804
18482
8735
24279
6690
24862
31239
7265
2561
12105
28775
26583
10269
11964
21245
21137
4286
22955
1525
30616
23575
27537
2735
30558
31526
23171
25539
23469
23515
31421
31299
30686
6268
130
26688
6475
13896
21539
19599
7175
14171
27741
3020
14284
977
8935
8864
6452
28206
14156
27968
6956
22270
29687
2102
13478
13240
10636
11876
28303
31976
29823
14406
30209
18317
223
8311
7865
3520
16498
12663
27083
27287
18183
16555
25748
19785
16648
6821
29681
26515
14415
1190
24494
23386
6970
30561
12866
27537
14850
30466
16569
13405
11848
11375
28401
11895
24817
9166
1033
467
8756
21575
8983
27519
2033
21771
15385
15053
1605
25493
2351
10676
30299
7984
27655
5236
32645
7609
16280
21625
5771
15782
29203
17026
1859
22855
31510
9218
15457
16204
547
1990
14737
5256
18770
21977
31683
756
12354
5797
13254
23031
25429
13658
3865
996
2845
16788
766
29893
4113
29752
19919
30295
18053
31646
8853
30037
5849
21238
13015
13305
30192
10468
2736
1473
16867
6510
29476
30831
22263
16152
20148
3667
28877
24397
9264
28108
11225
13825
19405
10765
15125
9365
29304
2333
9719
18427
26473
27425
8864
14874
26618
14046
24662
628
23994
28538
22068
31238
17085
22402
27168
9839
8247
17714
1022
20565
23369
3056
24867
22789
17435
7961
15373
4953
6955
20992
7249
9183
229
22836
25300
11319
883
28930
26174
17853
16086
19771
13228
3945
17206
13880
18342
21235
13686
30490
21328
1338
24076
342
25060
9702
6672
26994
29279
16972
25234
8457
22907
8083
24113
4629
32734
20501
12521
32622
20625
14344
32301
20109
27571
17758
20790
7830
29039
24297
24474
20630
31019
20163
23072
25864
2306
11245
16339
21151
8565
1846
26453
14911
12637
24415
12918
7244
1572
8316
8197
29480
3125
12957
12263
22263
29617
23470
19813
3750
3428
30876
13258
12843
29687
20922
302
16910
21863
3682
27533
22568
28854
3039
19484
21931
7136
7050
29916
12898
26128
27700
1135
20794
10772
8900
11307
32258
9486
26145
7277
30831
25965
25171
2863
12387
9756
1765
2269
5998
27129
1165
5989
11158
27529
19983
14222
8019
13546
8286
24714
17118
29705
22020
5582
4779
24341
2501
3873
3892
15667
19583
9971
16889
26483
29269
753
5061
22018
15116
10966
22578
3490
22965
388
12911
344
8077
21587
14145
15460
20001
29865
28744
26742
21686
4043
9348
1055
31975
14578
2584
23942
19088
22946
17741
9564
4843
31799
22745
11794
3833
9409
27490
11081
27940
11281
1598
1418
9762
20756
12669
5687
6428
29792
4393
24513
13072
12813
26572
5660
9588
19910
8755
2928
28700
9503
20594
21778
16989
7209
12328
15538
30579
14405
11268
20950
12832
23861
29832
12167
23446
24697
5645
19017
2455
26328
12296
23121
4059
16445
12683
13811
16562
13764
16143
12378
8426
32277
9584
20603
4851
19441
32313
29771
15681
11018
26914
13360
12274
7960
32471
6838
3505
14633
24827
1156
15322
5944
2925
15502
24030
514
19146
10380
8170
7445
31795
6570
5315
23850
31312
5505
10997
14516
23444
11078
32044
18105
26051
10561
482
16353
23218
18049
24122
5581
591
5327
24620
5289
5600
20192
25571
17157
28816
22223
10339
29664
10535
30922
22383
16134
31001
17931
17578
21405
5314
7177
10236
22778
22768
11248
22327
20921
29090
5711
17147
13580
24079
28433
15063
12883
30186
15791
15536
21229
21477
19876
21351
28238
18804
25376
18614
9298
16339
10240
11867
20945
10826
25854
633
13172
28080
23333
29499
10951
24878
20873
1466
22927
19525
11060
9249
1885
1554
6499
22287
1379
6609
15859
11836
1159
5281
21014
7264
4534
24710
9546
19024
11387
20660
2188
9578
11216
17163
31176
11572
25908
31454
9109
17472
18941
6392
1311
2131
28400
21729
22116
30149
12815
23389
31908
23083
29362
30262
8978
23092
4057
24891
19408
3793
8385
28809
27930
32153
7093
27657
28354
28779
24359
17466
7132
28757
20735
1073
23738
26548
2099
9438
19739
12189
13464
9616
671
3196
14584
3515
6014
24059
11108
15354
19834
1574
12235
9808
23826
19404
24780
28595
17657
15400
15049
30411
11718
20416
15677
16887
13805
22158
13903
27793
14830
28510
27815
31091
27852
3703
7040
11961
21697
22397
29950
24265
48
20118
7874
17041
1755
9420
23741
18704
11094
9139
24129
24
12476
31819
24926
31314
14496
32039
8299
22146
15686
29647
15843
19468
31763
15716
8819
24760
25667
19074
336
11186
24026
6762
30414
18901
31965
29025
29999
26408
29889
20051
29624
425
24612
25532
5131
18762
12475
6089
12720
16698
23436
20410
4085
1637
5469
2698
6648
24382
13164
3794
26882
30908
1120
12267
1302
29858
13696
28242
5066
11524
6179
30545
26966
20743
23399
18396
12267
16104
3622
30394
6470
16192
32038
27109
20100
1414
16784
31538
4664
6613
5028
20532
18619
4079
13738
26974
23235
12163
2860
11369
9783
29099
12386
28149
28994
30649
9710
15987
5031
24371
25802
32322
19028
5916
28286
32024
26937
6773
11670
10404
24410
13316
14931
3698
16675
12116
22433
13582
19708
6909
15433
4204
7710
37
31848
5511
421
13127
10016
12617
8678
8756
27789
9899
31746
17239
24570
6173
21436
2620
10837
16424
6535
1364
16609
7506
30435
2290
29739
5442
29930
2970
27455
21284
28966
6011
24347
25935
21670
30010
10852
24101
16721
29681
344
31803
10618
29304
26116
7611
1460
3555
11447
774
7399
6475
9398
9373
4771
17106
14641
8257
12213
2529
7798
345
6392
27316
24421
26773
26734
25369
24356
22225
23695
13428
8980
7996
4577
1799
30979
17593
31433
21104
19875
18053
2465
12147
18234
8218
16650
30458
30876
84
7812
21082
16471
31699
4924
8408
10285
16032
32548
22124
22727
275
25161
14277
30119
17396
14434
6028
30047
6112
12964
30957
18944
29678
17374
15188
28118
24467
12993
13172
10322
29635
9855
21902
8008
30553
24985
21744
2139
6841
7921
23740
3765
5812
17703
17898
16635
12972
25634
28304
7039
30200
12525
5729
696
2185
29637
25716
16880
1742
7280
31304
25149
19670
28880
14340
28082
31925
2487
5635
29398
17448
4605
14223
23637
9596
31696
6893
28918
18347
8268
2715
4045
4553
32075
13269
31922
5534
1407
1629
20722
3477
14014
16764
25668
29141
27292
21060
16894
26797
5439
26393
32392
5685
26223
23664
273
3890
237
26325
5506
29499
15366
7731
23216
29210
9063
20048
24790
16501
10547
12439
3138
16302
15955
29466
4174
23815
17678
12503
5778
27658
4569
16186
26200
40
28272
29924
8272
2464
21285
19883
25222
14754
19064
4066
26768
29108
13033
22234
31756
16982
21258
9896
18762
15585
29656
27945
27717
7349
30027
5188
18904
2963
4396
2415
2350
1352
16423
24181
16763
7820
29985
26486
12265
13097
8908
31279
2518
16224
16248
12923
16188
26760
15148
24602
16752
30968
7157
434
8720
21287
13438
28947
7734
8210
10465
9407
27122
15582
13757
10922
20472
11199
28041
16446
31125
3096
24615
11170
29416
24036
24764
14908
16206
5204
24000
2165
4638
15289
32593
30396
32663
13989
32717
28621
14870
22093
29343
25651
12172
21042
27993
7947
6960
25345
18180
22540
24433
1207
25011
9924
15407
9224
12895
15140
13610
15106
31470
32575
15547
8430
27285
1615
30402
4471
6240
27897
10207
12046
3087
3794
9445
1164
18724
13601
22155
18969
4154
8935
9573
29005
19096
8732
25107
15510
21510
30268
32185
26074
5856
22530
9903
6237
11880
24179
7545
16868
864
31007
22009
32539
5849
24484
14563
10036
28486
6771
6514
15057
23508
2263
13145
14884
510
2099
17661
9812
26971
8331
6625
12835
31163
23109
6497
26063
8051
8497
11684
14901
2549
22728
5836
28476
14500
1457
32367
8561
18918
12426
24395
25327
16506
26084
5429
23426
13068
30607
10579
13324
6662
25369
11915
20775
12202
401
16955
8459
5726
25744
1323
179
14662
1147
8384
31803
6936
9218
11378
28301
1836
3308
1919
17468
22739
2583
31457
26032
19690
17082
14206
3204
4527
23278
1184
2092
2259
32109
12964
13787
28624
12953
9718
12195
25212
10432
3645
30431
27614
20894
7634
7630
6465
31011
21879
13440
17288
14711
14406
31990
705
28732
31719
10885
32765
6419
2310
12411
6494
12641
24580
25605
3185
2387
13805
30032
6846
9759
23979
1007
23710
6541
20857
21117
13901
29367
28826
23939
9024
11276
17738
22939
19385
15003
26357
23766
6296
8847
19623
14172
14708
13557
9156
16210
20714
23238
32505
5121
15157
4385
29042
7220
8959
31448
27213
17377
22647
11054
25679
15628
7844
3551
15830
18409
25337
4193
19727
17985
4905
28778
1129
7702
